6144
140801
6146
6147
1540
57055
6152
26121
10250
6155
6156
6157
6160
4116
6165
8726
3608
3609
55832
6169
6168
6175
6176
90655
6181
57054
6187
6188
6189
9775
6191
6193
6194
10291
2099
9782
8761
9081
6203
6201
6202
4670
6118
6207
6208
6205
6119
6210
23521
6206
6209
6217
11338
4171
8266
6733
6222
6223
6224
2130
1107
1108
24148
4691
6122
442867
6229
140890
6230
9820
5725
3676
6124
6231
6125
91746
90665
6227
6228
3178
22829
3181
728395
3183
3184
3185
3182
3187
3188
6192
140032
1655
3190
3192
1654
3189
1660
6780
6232
9343
4736
5940
1153
1665
9349
6234
7307
6736
6135
6137
672
442868
378948
6139
10921
1198
9084
27316
10421
7258
10432
10946
9924
10949
27339
3276
64591
10450
1617
27350
55011
57135
159119
10987
3309
7412
159163
10492
8450
9987
378951
8452
8454
8453
4869
25873
83732
6421
10521
6426
6428
100533178
6430
6432
6431
2335
6434
70439
4904
442862
86614
8287
5935
4914
56122
220988
202559
23363
7544
3921
9045
11100
266
10594
80742
26986
9086
9584
51067
25980
8284
22913
8065
9092
378950
23435
7404
22938
23451
23450
6045
9085
10656
10657
4000
9129
6204
51631
353513
56257
7112
23500
10189
9087
23512
9083
203611
2521
988
11224
100289087
9426
6625
6627
23524
5093
6626
6117
6632
6633
6634
253175
8653
23020
7150
8175
83259
6635
6128
8683
6129
6133
6132
3575
6136
6130
6138
6134
10236
6141
6142
6143
