subgraph id = 6
Nreal : 346
=================================
Full list of 346 members:

9	3	4	
10	4	8	
16	3	4	
22	3	4	
22	4	8	
25	2	3	
25	2	4	
25	2	8	
25	3	4	
25	4	8	
26	3	4	
27	3	4	
27	3	5	
27	3	13	
27	4	5	
27	4	13	
28	11	13	
31	2	3	
31	2	8	
32	10	13	
33	13	17	
33	17	21	
35	11	13	
37	7	34	
39	3	13	
39	10	13	
45	9	13	
45	9	44	
45	13	44	
47	13	44	
47	13	46	
47	43	46	
47	44	46	
49	38	43	
51	16	43	
51	16	46	
51	43	46	
51	46	49	
51	46	50	
55	44	53	
56	12	17	
56	12	43	
56	17	43	
57	16	43	
57	16	46	
57	16	47	
57	43	46	
58	16	18	
58	16	46	
58	18	46	
61	44	46	
61	44	56	
61	44	57	
61	44	58	
61	46	56	
61	56	58	
62	9	38	
62	9	46	
62	9	57	
62	9	59	
62	38	46	
62	38	57	
62	38	58	
62	38	59	
62	57	59	
8	3	41	
8	3	45	
8	3	49	
9	3	41	
9	4	39	
9	4	41	
9	4	58	
10	4	49	
10	4	50	
10	4	52	
10	4	58	
10	8	50	
10	8	52	
10	8	58	
11	10	18	
11	10	51	
15	3	41	
15	3	45	
15	3	48	
15	3	49	
15	9	48	
16	3	49	
16	3	50	
16	4	49	
16	4	50	
17	9	51	
17	9	52	
22	3	49	
22	4	32	
22	4	39	
22	4	49	
22	8	26	
22	8	33	
22	8	34	
23	13	30	
25	2	30	
25	2	49	
25	2	64	
25	3	30	
25	3	41	
25	3	49	
25	3	64	
25	4	30	
25	4	31	
25	4	32	
25	4	39	
25	4	41	
25	4	49	
25	4	64	
25	8	33	
25	8	34	
25	8	64	
25	10	30	
25	10	41	
25	10	64	
26	3	30	
26	3	41	
26	3	49	
26	4	30	
26	4	31	
26	4	32	
26	4	39	
26	4	41	
26	4	49	
27	3	35	
27	3	36	
27	3	49	
27	4	32	
27	4	36	
27	4	49	
27	5	32	
27	5	49	
28	11	32	
28	11	36	
28	11	37	
28	11	38	
28	11	40	
28	18	32	
28	18	33	
28	18	34	
28	18	35	
28	18	36	
28	18	37	
28	18	38	
28	18	40	
30	8	43	
30	8	64	
31	2	49	
31	3	41	
31	3	49	
31	8	33	
31	8	34	
31	10	41	
32	10	41	
32	10	64	
32	13	64	
33	13	51	
33	17	41	
33	17	53	
33	17	58	
33	21	41	
33	21	49	
33	21	51	
33	21	52	
33	21	58	
35	11	53	
35	13	51	
36	33	40	
36	34	40	
36	34	53	
37	7	38	
37	7	58	
37	34	38	
37	34	40	
37	36	38	
39	3	49	
39	3	64	
39	10	64	
39	13	64	
41	13	44	
43	13	44	
43	13	64	
45	44	49	
47	13	48	
47	13	56	
47	44	48	
47	44	49	
47	44	56	
47	46	48	
47	46	49	
47	46	56	
49	13	56	
49	38	56	
50	43	52	
50	43	60	
51	16	53	
51	16	60	
51	43	53	
51	43	58	
51	43	60	
51	49	53	
51	49	58	
51	49	60	
51	50	53	
51	50	58	
55	44	59	
57	16	64	
57	46	64	
57	47	64	
62	9	64	
62	38	64	
62	46	64	
62	58	64	
62	59	64	
63	46	64	
63	58	64	
63	59	64	
1	33	39	
2	10	41	
5	11	12	
6	18	35	
6	18	36	
6	18	40	
6	35	40	
8	9	32	
8	32	45	
9	33	39	
9	34	39	
9	39	58	
9	41	58	
10	49	52	
10	49	58	
10	50	58	
11	18	33	
11	18	34	
11	33	50	
11	34	50	
11	34	51	
11	50	58	
12	34	53	
12	53	58	
13	18	54	
13	53	58	
13	54	58	
14	40	53	
14	40	54	
15	39	48	
15	39	58	
15	41	48	
15	41	58	
15	45	48	
15	45	58	
15	48	58	
15	49	58	
17	49	52	
18	49	52	
18	49	53	
18	50	53	
22	33	39	
22	34	39	
23	30	34	
24	32	35	
24	32	36	
24	32	38	
24	32	60	
24	34	38	
24	34	60	
24	35	38	
24	35	60	
24	36	38	
24	36	60	
24	38	60	
25	30	33	
25	30	34	
25	31	64	
25	33	39	
25	33	64	
25	34	39	
25	34	64	
25	41	64	
25	49	64	
26	30	33	
26	30	34	
26	33	39	
26	34	39	
27	32	35	
27	32	36	
27	35	49	
27	36	49	
28	32	35	
28	32	36	
28	32	37	
28	32	38	
28	32	40	
28	33	37	
28	33	38	
28	33	40	
28	34	38	
28	34	40	
28	35	37	
28	35	38	
28	35	40	
28	36	38	
29	36	38	
30	32	43	
30	41	64	
30	49	64	
31	33	39	
31	34	39	
32	34	64	
32	41	58	
32	41	64	
32	49	58	
32	49	64	
32	58	64	
33	41	51	
33	41	52	
33	41	53	
33	41	58	
33	49	52	
33	49	53	
33	49	58	
33	53	58	
34	41	52	
34	41	58	
34	49	52	
34	49	58	
35	53	58	
36	40	53	
36	40	58	
36	53	58	
37	38	58	
37	40	58	
39	49	64	
41	44	49	
50	52	57	
50	52	60	
50	57	60	
51	53	58	
51	53	60	
51	58	60	

subgraph id = 12
Nreal : 799
=================================
Full list of 799 members:

30	8	3	
17	9	3	
45	9	3	
62	9	3	
15	9	4	
17	9	4	
45	9	4	
62	9	4	
31	10	4	
32	10	4	
39	10	4	
11	10	8	
28	11	10	
35	11	10	
51	16	3	
57	16	3	
51	16	4	
57	16	4	
58	16	4	
51	16	9	
57	16	9	
56	17	9	
36	33	17	
36	33	21	
37	36	33	
62	38	13	
42	40	13	
48	43	13	
50	43	13	
51	43	13	
56	43	13	
57	43	13	
57	47	13	
57	47	44	
51	49	13	
51	49	38	
61	56	12	
61	56	17	
61	56	43	
61	57	16	
62	57	16	
61	57	43	
62	57	43	
61	57	47	
62	57	47	
61	58	16	
62	58	16	
63	58	16	
61	58	18	
62	58	18	
63	58	18	
1	32	10	
1	32	13	
1	33	13	
1	33	17	
1	33	21	
1	39	3	
1	39	10	
1	39	13	
1	41	13	
2	9	3	
2	9	4	
2	10	4	
2	10	8	
2	33	13	
2	33	17	
2	33	21	
2	34	13	
2	41	13	
3	10	4	
3	58	18	
3	58	46	
5	11	10	
5	33	17	
5	33	21	
6	35	11	
6	36	33	
6	36	34	
7	36	33	
7	36	34	
8	32	13	
8	39	13	
8	41	13	
8	45	13	
8	45	44	
8	49	13	
8	49	38	
8	49	43	
9	33	13	
9	33	21	
9	34	13	
9	39	13	
9	41	13	
9	58	18	
9	58	46	
10	49	13	
10	49	38	
10	49	43	
10	50	43	
10	52	46	
10	58	16	
10	58	18	
10	58	46	
11	33	13	
11	33	17	
11	33	21	
11	34	13	
11	50	43	
11	51	16	
11	51	43	
11	51	46	
11	51	49	
11	52	46	
11	58	16	
11	58	46	
12	33	17	
12	33	21	
12	52	46	
12	58	16	
12	58	18	
12	58	46	
13	52	46	
13	58	16	
13	58	46	
15	45	44	
15	48	43	
15	49	38	
15	49	43	
15	58	16	
15	58	18	
15	58	46	
16	49	38	
16	49	43	
16	50	43	
17	49	38	
17	49	43	
17	50	43	
17	51	43	
17	51	46	
17	52	46	
18	49	38	
18	49	43	
18	50	43	
18	51	43	
18	51	46	
18	52	46	
19	51	43	
19	51	46	
19	51	49	
19	51	50	
19	52	46	
20	52	46	
22	49	38	
22	49	43	
24	36	33	
24	60	46	
24	60	54	
24	60	59	
25	49	38	
25	49	43	
25	64	44	
26	49	38	
26	49	43	
27	49	38	
27	49	43	
29	36	33	
29	36	34	
29	37	34	
30	49	38	
30	64	44	
31	49	38	
31	49	43	
32	49	38	
32	49	43	
32	58	46	
32	64	44	
33	49	38	
33	49	43	
33	51	43	
33	51	46	
33	51	50	
33	52	46	
33	58	46	
34	49	38	
34	49	43	
34	52	46	
34	58	46	
35	51	43	
35	51	46	
35	51	49	
35	51	50	
35	52	46	
35	58	46	
36	58	46	
37	58	46	
39	64	44	
50	60	54	
50	60	59	
51	60	54	
51	60	59	
8	9	4	
15	39	10	
15	39	13	
15	41	13	
15	45	13	
15	49	13	
16	49	13	
17	49	13	
17	51	16	
18	51	16	
19	51	16	
22	32	10	
22	32	13	
22	33	13	
22	33	17	
22	33	21	
22	34	13	
22	39	10	
22	39	13	
22	49	13	
23	30	8	
23	32	10	
24	32	10	
24	32	13	
24	34	13	
24	35	11	
24	35	13	
24	36	13	
24	38	13	
25	32	13	
25	33	13	
25	33	17	
25	33	21	
25	34	13	
25	39	13	
25	41	13	
25	49	13	
26	30	8	
26	31	2	
26	31	8	
26	31	10	
26	32	10	
26	32	13	
26	33	13	
26	33	17	
26	33	21	
26	34	13	
26	39	10	
26	39	13	
26	41	13	
26	49	13	
27	32	10	
27	33	17	
27	33	21	
27	35	11	
28	32	10	
28	33	17	
28	33	21	
28	37	7	
29	37	7	
30	32	10	
30	32	13	
30	41	13	
30	43	13	
30	49	13	
31	32	13	
31	33	13	
31	33	17	
31	33	21	
31	34	13	
31	39	13	
31	41	13	
31	49	13	
32	58	16	
32	58	18	
33	51	16	
33	58	16	
33	58	18	
34	58	16	
34	58	18	
35	51	16	
35	58	16	
35	58	18	
36	58	16	
36	58	18	
37	58	16	
37	58	18	
39	49	38	
41	49	38	
45	49	38	
46	55	44	
47	49	38	
47	56	12	
47	56	17	
49	56	12	
50	52	46	
50	57	46	
50	57	47	
50	60	46	
57	64	44	
62	64	44	
63	64	44	
25	2	9	
31	2	9	
15	3	10	
16	3	10	
22	3	10	
26	3	10	
27	3	10	
16	4	11	
22	4	11	
25	4	11	
26	4	11	
27	4	11	
27	5	11	
27	5	12	
22	8	9	
25	8	9	
30	8	9	
31	8	9	
45	9	33	
62	9	33	
45	9	34	
62	9	34	
62	9	39	
62	9	41	
35	11	18	
56	12	13	
56	12	33	
56	12	34	
56	12	52	
56	12	53	
20	13	18	
21	13	18	
23	13	18	
27	13	18	
29	13	18	
32	13	18	
33	13	18	
34	13	18	
35	13	18	
36	13	18	
37	13	18	
38	13	18	
39	13	18	
40	13	18	
41	13	18	
43	13	18	
45	13	18	
47	13	18	
58	16	49	
58	16	50	
56	17	50	
56	17	51	
56	17	52	
58	18	49	
58	18	50	
58	18	53	
49	38	40	
62	38	40	
48	43	44	
49	43	44	
50	43	44	
51	43	44	
56	43	44	
57	43	44	
57	46	55	
58	46	55	
60	46	55	
61	46	55	
62	46	55	
63	46	55	
1	32	34	
1	32	49	
1	32	58	
1	32	64	
1	33	49	
1	33	51	
1	33	52	
1	33	53	
1	33	58	
1	39	49	
1	39	64	
1	41	44	
1	41	49	
2	9	58	
2	10	49	
2	10	50	
2	10	52	
2	10	58	
2	33	49	
2	33	51	
2	33	52	
2	33	53	
2	33	58	
2	34	49	
2	34	52	
2	34	58	
2	41	44	
2	41	49	
3	10	49	
3	10	50	
3	10	52	
4	11	18	
4	11	50	
4	11	51	
4	11	52	
4	11	58	
5	11	18	
5	11	50	
5	11	51	
5	11	52	
5	11	58	
5	12	52	
5	12	53	
5	12	58	
5	33	41	
5	33	49	
5	33	51	
5	33	52	
5	33	53	
5	33	58	
6	13	52	
6	13	53	
6	13	54	
6	13	58	
6	18	49	
6	18	50	
6	18	51	
6	18	52	
6	18	53	
6	35	51	
6	35	52	
6	35	53	
6	35	58	
6	36	53	
6	36	58	
7	13	18	
7	13	52	
7	13	53	
7	13	54	
7	13	58	
7	36	53	
7	36	58	
8	9	33	
8	9	34	
8	9	58	
8	32	34	
8	32	58	
8	32	64	
8	39	64	
8	41	44	
8	49	56	
9	33	51	
9	33	52	
9	33	53	
9	34	52	
9	39	64	
9	41	44	
10	49	56	
10	50	57	
10	50	60	
10	52	54	
10	52	59	
11	18	49	
11	18	53	
11	33	41	
11	33	49	
11	33	53	
11	34	41	
11	34	49	
11	50	57	
11	50	60	
11	51	53	
11	51	60	
11	52	54	
11	52	59	
12	13	18	
12	13	54	
12	33	41	
12	33	49	
12	33	51	
12	34	41	
12	34	49	
12	52	54	
12	52	59	
13	18	50	
13	18	51	
13	52	59	
15	39	64	
15	41	44	
15	49	56	
16	49	56	
16	50	52	
16	50	60	
17	50	57	
17	50	60	
17	51	53	
17	51	58	
17	51	60	
17	52	54	
17	52	59	
18	49	56	
18	50	57	
18	50	60	
18	51	60	
18	52	54	
18	52	59	
19	51	58	
19	51	60	
19	52	54	
19	52	59	
20	52	59	
22	26	30	
22	26	31	
22	26	41	
22	32	41	
22	32	58	
22	32	64	
22	33	41	
22	33	51	
22	33	52	
22	33	53	
22	33	58	
22	34	41	
22	34	52	
22	34	58	
22	39	64	
22	49	56	
23	30	41	
23	30	43	
23	30	49	
23	30	64	
23	32	41	
23	32	49	
23	32	58	
23	32	64	
23	34	41	
23	34	49	
23	34	52	
23	34	58	
24	32	41	
24	32	49	
24	32	58	
24	32	64	
24	34	41	
24	34	49	
24	34	52	
24	34	58	
24	35	51	
24	35	52	
24	35	53	
24	35	58	
24	36	40	
24	36	53	
24	36	58	
24	38	40	
25	30	43	
25	32	58	
25	33	51	
25	33	52	
25	33	53	
25	33	58	
25	34	52	
25	34	58	
25	41	44	
25	49	56	
26	30	43	
26	30	64	
26	32	58	
26	32	64	
26	33	51	
26	33	52	
26	33	53	
26	33	58	
26	34	52	
26	34	58	
26	39	64	
26	41	44	
26	49	56	
27	32	41	
27	32	58	
27	32	64	
27	33	41	
27	33	51	
27	33	52	
27	33	53	
27	33	58	
27	34	41	
27	34	52	
27	34	58	
27	35	51	
27	35	52	
27	35	53	
27	35	58	
27	36	40	
27	36	53	
27	36	58	
27	49	56	
28	32	41	
28	32	49	
28	32	58	
28	32	64	
28	33	41	
28	33	49	
28	33	51	
28	33	52	
28	33	53	
28	33	58	
28	34	41	
28	34	49	
28	34	52	
28	34	58	
28	35	51	
28	35	52	
28	35	53	
28	35	58	
28	36	53	
28	36	58	
28	37	58	
29	36	53	
29	36	58	
29	37	58	
30	32	34	
30	32	58	
30	41	44	
30	43	44	
30	49	56	
31	32	58	
31	32	64	
31	33	51	
31	33	52	
31	33	53	
31	33	58	
31	34	52	
31	34	58	
31	39	64	
31	41	44	
31	49	56	
32	34	52	
32	41	44	
32	49	56	
33	41	44	
33	49	56	
33	51	60	
33	52	54	
33	52	59	
34	41	44	
34	49	56	
34	52	54	
34	52	59	
35	51	60	
35	52	54	
35	52	59	
39	49	56	
41	49	56	
45	49	56	
50	52	54	
50	52	59	
50	57	64	
8	3	58	
22	3	58	
25	3	58	
26	3	58	
27	3	58	
31	3	58	
39	3	58	
9	4	11	
10	8	41	
22	8	41	
10	8	45	
22	8	45	
25	8	45	
30	8	45	
31	8	45	
15	9	33	
16	9	33	
15	9	34	
16	9	34	
17	9	34	
16	9	39	
17	9	39	
16	9	41	
17	9	41	
17	9	58	
45	9	58	
11	10	49	
25	10	50	
31	10	50	
32	10	50	
39	10	50	
25	10	52	
31	10	52	
32	10	52	
39	10	52	
25	10	58	
31	10	58	
39	10	58	
28	11	50	
35	11	50	
28	11	51	
28	11	52	
28	11	58	
56	12	58	
14	13	18	
14	13	52	
21	13	52	
23	13	52	
27	13	52	
28	13	52	
29	13	52	
32	13	52	
36	13	52	
37	13	52	
38	13	52	
39	13	52	
40	13	52	
41	13	52	
43	13	52	
45	13	52	
47	13	52	
49	13	52	
23	13	53	
27	13	53	
28	13	53	
29	13	53	
32	13	53	
34	13	53	
37	13	53	
38	13	53	
39	13	53	
40	13	53	
41	13	53	
43	13	53	
45	13	53	
47	13	53	
49	13	53	
23	13	54	
27	13	54	
28	13	54	
29	13	54	
32	13	54	
33	13	54	
34	13	54	
35	13	54	
36	13	54	
37	13	54	
38	13	54	
39	13	54	
40	13	54	
41	13	54	
43	13	54	
45	13	54	
47	13	54	
49	13	54	
14	13	58	
20	13	58	
21	13	58	
23	13	58	
27	13	58	
28	13	58	
29	13	58	
38	13	58	
39	13	58	
40	13	58	
41	13	58	
43	13	58	
45	13	58	
47	13	58	
49	13	58	
33	17	50	
28	18	49	
28	18	50	
28	18	51	
28	18	52	
28	18	53	
33	21	54	
36	33	41	
36	33	49	
36	33	51	
36	33	52	
36	34	41	
37	34	41	
36	34	49	
37	34	49	
36	34	52	
37	34	52	
37	36	53	
47	43	64	
48	43	64	
49	43	64	
50	43	64	
51	43	64	
56	43	64	
47	46	55	
51	46	55	
52	46	55	
51	49	56	
51	50	57	

subgraph id = 14
Nreal : 185
=================================
Full list of 185 members:

31	30	2	
31	30	3	
31	30	10	
39	30	3	
39	30	10	
39	30	13	
33	32	17	
33	32	21	
45	43	9	
49	48	13	
49	48	38	
56	48	12	
56	48	17	
57	48	16	
57	48	46	
57	49	46	
58	52	16	
55	54	44	
57	56	16	
57	56	46	
58	57	18	
32	2	13	
39	2	3	
39	2	13	
32	3	13	
33	3	13	
33	3	17	
33	3	21	
34	3	13	
33	4	13	
33	4	17	
33	4	21	
34	4	13	
35	4	13	
49	9	13	
49	9	38	
49	9	43	
50	9	43	
33	10	13	
33	10	17	
33	10	21	
34	10	13	
45	39	44	
9	49	3	
9	50	3	
9	49	4	
9	50	4	
10	33	8	
10	34	8	
33	34	17	
33	35	17	
33	34	21	
33	35	21	
35	36	11	
39	41	3	
39	43	3	
39	45	3	
39	41	10	
39	43	10	
39	45	10	
49	50	13	
49	57	13	
49	50	38	
49	57	38	
51	52	16	
51	52	43	
51	52	49	
56	57	12	
56	57	17	
57	58	43	
57	58	47	
58	59	16	
58	59	18	
61	64	46	
61	64	56	
61	64	58	
2	32	9	
2	39	33	
2	39	34	
5	13	11	
5	36	11	
5	35	12	
5	36	12	
9	50	33	
9	50	34	
9	50	39	
9	50	41	
32	39	34	
52	58	54	
32	2	49	
32	2	58	
32	2	64	
39	2	49	
39	2	64	
32	3	41	
32	3	49	
32	3	64	
33	3	41	
33	3	49	
33	3	51	
33	3	52	
33	3	53	
34	3	41	
34	3	49	
34	3	52	
33	4	41	
33	4	49	
33	4	51	
33	4	52	
33	4	53	
33	4	58	
34	4	41	
34	4	49	
34	4	52	
34	4	58	
35	4	51	
35	4	52	
35	4	53	
35	4	58	
13	5	18	
13	5	52	
13	5	53	
13	5	54	
13	5	58	
34	5	41	
34	5	49	
34	5	52	
34	5	58	
35	5	51	
35	5	52	
35	5	53	
35	5	58	
36	5	40	
36	5	53	
36	5	58	
10	9	52	
49	9	56	
50	9	52	
50	9	57	
50	9	60	
33	10	41	
33	10	51	
33	10	53	
34	10	41	
31	30	33	
31	30	34	
33	32	51	
33	32	52	
33	32	53	
35	34	51	
35	34	53	
36	35	40	
41	39	44	
43	39	44	
43	41	64	
57	48	64	
50	49	52	
50	49	60	
57	49	64	
52	51	54	
52	51	59	
57	56	64	
9	10	41	
9	49	58	
9	50	58	
10	33	50	
10	34	50	
30	31	43	
30	31	64	
32	33	64	
32	39	58	
33	34	51	
33	34	53	
33	35	41	
33	35	49	
34	35	41	
34	35	49	
35	36	51	
35	36	52	
39	41	64	
39	45	64	
43	45	64	
49	50	56	
51	52	60	
57	58	64	

subgraph id = 36
Nreal : 1049
=================================
Full list of 1049 members:

1	36	33	
2	15	9	
2	16	9	
2	17	9	
2	45	9	
2	62	9	
2	11	10	
2	36	33	
2	36	34	
2	37	34	
3	11	10	
3	61	58	
3	62	58	
3	63	58	
4	28	11	
5	28	11	
5	56	12	
6	14	13	
6	20	13	
6	21	13	
6	23	13	
6	27	13	
6	28	13	
6	29	13	
6	32	13	
6	33	13	
6	34	13	
6	37	13	
6	38	13	
6	39	13	
6	41	13	
6	43	13	
6	45	13	
6	47	13	
6	49	13	
6	28	18	
6	58	18	
6	37	36	
6	42	40	
7	14	13	
7	20	13	
7	21	13	
7	23	13	
7	27	13	
7	28	13	
7	29	13	
7	32	13	
7	33	13	
7	34	13	
7	35	13	
7	38	13	
7	39	13	
7	41	13	
7	43	13	
7	45	13	
7	47	13	
7	49	13	
7	42	40	
8	15	9	
8	16	9	
8	17	9	
8	62	9	
8	51	49	
9	36	33	
9	36	34	
9	37	34	
9	61	58	
9	63	58	
10	51	49	
10	51	50	
10	61	58	
10	62	58	
10	63	58	
11	36	33	
11	36	34	
11	37	34	
11	61	58	
11	62	58	
11	63	58	
12	14	13	
12	20	13	
12	21	13	
12	23	13	
12	27	13	
12	28	13	
12	29	13	
12	32	13	
12	35	13	
12	36	13	
12	37	13	
12	38	13	
12	39	13	
12	40	13	
12	41	13	
12	43	13	
12	45	13	
12	47	13	
12	49	13	
12	36	33	
12	36	34	
12	37	34	
12	55	53	
12	61	58	
12	62	58	
12	63	58	
13	55	53	
13	60	54	
13	61	58	
13	62	58	
13	63	58	
14	42	40	
14	55	53	
14	60	54	
15	51	49	
15	61	58	
15	62	58	
15	63	58	
18	55	53	
19	55	53	
20	55	53	
20	60	54	
21	55	53	
21	60	54	
22	36	33	
22	36	34	
22	37	34	
22	51	49	
23	36	34	
23	37	34	
24	37	34	
24	37	36	
24	49	38	
24	62	38	
25	36	33	
25	36	34	
25	37	34	
25	51	49	
26	36	33	
26	36	34	
26	37	34	
26	51	49	
27	37	34	
27	37	36	
27	51	49	
28	49	38	
28	62	38	
28	42	40	
29	49	38	
29	62	38	
29	42	40	
30	47	43	
30	48	43	
30	50	43	
30	51	43	
30	56	43	
30	57	43	
30	51	49	
31	36	33	
31	36	34	
31	37	34	
31	51	49	
32	36	34	
32	37	34	
32	51	49	
32	61	58	
32	62	58	
32	63	58	
33	55	53	
33	61	58	
33	62	58	
33	63	58	
34	51	49	
34	61	58	
34	62	58	
34	63	58	
35	55	53	
35	61	58	
35	62	58	
35	63	58	
36	42	40	
36	55	53	
36	61	58	
36	62	58	
36	63	58	
37	49	38	
37	62	38	
37	42	40	
37	61	58	
37	62	58	
37	63	58	
38	42	40	
39	51	49	
41	47	44	
41	55	44	
41	61	44	
41	64	44	
41	51	49	
43	55	44	
43	61	44	
45	51	49	
47	51	49	
47	61	56	
49	61	56	
50	61	57	
50	62	57	
51	55	53	
51	61	58	
51	62	58	
51	63	58	
52	60	54	
52	60	59	
52	62	59	
52	63	59	
55	60	59	
55	62	59	
55	63	59	
8	15	3	
8	16	3	
8	26	3	
8	27	3	
9	22	3	
9	25	3	
9	26	3	
9	27	3	
9	31	3	
9	22	4	
9	25	4	
9	26	4	
9	27	4	
10	16	4	
10	22	4	
10	26	4	
10	27	4	
10	22	8	
10	30	8	
11	25	10	
11	31	10	
11	32	10	
11	39	10	
14	20	13	
14	21	13	
14	23	13	
14	27	13	
14	28	13	
14	29	13	
14	32	13	
14	33	13	
14	34	13	
14	35	13	
14	36	13	
14	37	13	
14	38	13	
14	39	13	
14	41	13	
14	43	13	
14	45	13	
14	47	13	
14	49	13	
15	16	3	
15	22	3	
15	25	3	
15	26	3	
15	27	3	
15	31	3	
15	16	9	
15	17	9	
15	62	9	
16	22	3	
16	25	3	
16	26	3	
16	27	3	
16	31	3	
16	39	3	
16	22	4	
16	25	4	
16	26	4	
16	27	4	
16	17	9	
16	45	9	
16	62	9	
17	45	9	
17	62	9	
20	21	13	
20	23	13	
20	27	13	
20	28	13	
20	29	13	
20	32	13	
20	33	13	
20	34	13	
20	35	13	
20	36	13	
20	37	13	
20	38	13	
20	39	13	
20	40	13	
20	41	13	
20	43	13	
20	45	13	
20	47	13	
20	49	13	
21	23	13	
21	27	13	
21	28	13	
21	29	13	
21	32	13	
21	34	13	
21	35	13	
21	36	13	
21	37	13	
21	38	13	
21	39	13	
21	40	13	
21	41	13	
21	43	13	
21	45	13	
21	47	13	
21	49	13	
22	25	3	
22	27	3	
22	31	3	
22	25	4	
22	27	4	
22	25	8	
22	30	8	
22	31	8	
23	27	13	
23	28	13	
23	29	13	
23	33	13	
23	35	13	
23	36	13	
23	37	13	
23	38	13	
23	39	13	
23	40	13	
23	41	13	
23	43	13	
23	45	13	
23	47	13	
23	49	13	
25	26	3	
25	27	3	
25	26	4	
25	27	4	
26	27	3	
26	27	4	
27	31	3	
27	39	3	
27	28	13	
27	29	13	
27	37	13	
27	38	13	
27	39	13	
27	40	13	
27	41	13	
27	43	13	
27	45	13	
27	47	13	
28	29	13	
28	39	13	
28	41	13	
28	43	13	
28	45	13	
28	47	13	
28	49	13	
28	58	18	
29	32	13	
29	33	13	
29	34	13	
29	35	13	
29	39	13	
29	41	13	
29	43	13	
29	45	13	
29	47	13	
29	49	13	
32	35	13	
32	36	13	
32	37	13	
32	38	13	
32	40	13	
32	43	13	
32	45	13	
32	47	13	
33	37	13	
33	38	13	
33	39	13	
33	40	13	
33	43	13	
33	45	13	
33	47	13	
33	56	17	
34	38	13	
34	39	13	
34	40	13	
34	43	13	
34	45	13	
34	47	13	
35	37	13	
35	38	13	
35	39	13	
35	40	13	
35	41	13	
35	43	13	
35	45	13	
35	47	13	
35	49	13	
36	38	13	
36	39	13	
36	41	13	
36	43	13	
36	45	13	
36	47	13	
36	49	13	
37	39	13	
37	41	13	
37	43	13	
37	45	13	
37	47	13	
37	49	13	
38	39	13	
38	41	13	
38	43	13	
38	45	13	
38	47	13	
39	40	13	
39	47	13	
40	41	13	
40	43	13	
40	45	13	
40	47	13	
40	49	13	
41	47	13	
45	62	9	
45	47	13	
45	47	44	
45	55	44	
45	61	44	
45	64	44	
47	50	43	
47	51	43	
47	55	44	
47	61	44	
47	64	44	
47	51	46	
47	52	46	
47	58	46	
47	59	46	
47	60	46	
47	61	46	
47	62	46	
47	63	46	
48	50	43	
48	51	43	
49	62	38	
50	56	43	
51	57	16	
51	56	43	
51	57	43	
51	57	46	
51	59	46	
51	61	46	
51	62	46	
51	63	46	
52	57	46	
52	60	46	
52	61	46	
52	62	46	
52	63	46	
55	61	44	
55	64	44	
57	59	46	
57	60	46	
57	63	46	
58	60	46	
59	61	46	
60	61	46	
60	62	46	
60	63	46	
60	62	59	
60	63	59	
61	62	46	
61	63	46	
61	62	57	
61	62	58	
61	63	58	
62	63	46	
62	63	58	
62	63	59	
1	8	32	
1	22	32	
1	23	32	
1	24	32	
1	25	32	
1	26	32	
1	27	32	
1	28	32	
1	30	32	
1	31	32	
1	2	33	
1	5	33	
1	9	33	
1	11	33	
1	12	33	
1	22	33	
1	25	33	
1	26	33	
1	27	33	
1	28	33	
1	31	33	
1	8	39	
1	9	39	
1	15	39	
1	22	39	
1	25	39	
1	26	39	
1	31	39	
1	2	41	
1	8	41	
1	9	41	
1	15	41	
1	25	41	
1	26	41	
1	30	41	
1	31	41	
1	34	41	
2	8	9	
2	3	10	
2	5	33	
2	11	33	
2	12	33	
2	22	33	
2	26	33	
2	27	33	
2	28	33	
2	11	34	
2	12	34	
2	22	34	
2	23	34	
2	24	34	
2	26	34	
2	27	34	
2	28	34	
2	8	41	
2	15	41	
2	26	41	
2	30	41	
3	11	58	
3	12	58	
3	13	58	
3	35	58	
3	36	58	
3	37	58	
3	51	58	
4	5	11	
5	9	33	
5	22	33	
5	25	33	
5	26	33	
5	28	33	
5	31	33	
6	7	13	
6	12	13	
6	11	18	
6	24	35	
6	27	35	
6	28	35	
6	7	36	
6	24	36	
6	27	36	
6	28	36	
6	29	36	
6	7	40	
6	14	40	
6	28	40	
6	29	40	
6	37	40	
6	38	40	
7	12	13	
7	24	36	
7	27	36	
7	28	36	
7	29	36	
7	14	40	
7	28	40	
7	29	40	
7	38	40	
8	23	32	
8	24	32	
8	26	32	
8	27	32	
8	28	32	
8	15	39	
8	26	39	
8	15	41	
8	26	41	
8	33	41	
8	34	41	
8	15	45	
8	15	49	
8	16	49	
8	17	49	
8	18	49	
8	26	49	
8	27	49	
8	33	49	
8	34	49	
8	47	49	
9	11	33	
9	12	33	
9	22	33	
9	25	33	
9	26	33	
9	27	33	
9	28	33	
9	31	33	
9	11	34	
9	12	34	
9	22	34	
9	23	34	
9	24	34	
9	25	34	
9	26	34	
9	27	34	
9	28	34	
9	31	34	
9	32	34	
9	22	39	
9	25	39	
9	26	39	
9	31	39	
9	25	41	
9	26	41	
9	30	41	
9	31	41	
9	32	41	
9	11	58	
9	12	58	
9	13	58	
9	32	58	
9	35	58	
9	36	58	
9	37	58	
9	51	58	
10	15	49	
10	16	49	
10	17	49	
10	18	49	
10	22	49	
10	26	49	
10	27	49	
10	30	49	
10	41	49	
10	45	49	
10	47	49	
10	16	50	
10	17	50	
10	18	50	
10	12	52	
10	13	52	
10	17	52	
10	18	52	
10	19	52	
10	20	52	
10	35	52	
10	12	58	
10	13	58	
10	15	58	
10	35	58	
10	36	58	
10	37	58	
10	51	58	
11	13	18	
11	12	33	
11	22	33	
11	25	33	
11	26	33	
11	27	33	
11	31	33	
11	12	34	
11	22	34	
11	23	34	
11	24	34	
11	25	34	
11	26	34	
11	27	34	
11	31	34	
11	32	34	
11	16	50	
11	17	50	
11	17	51	
11	19	51	
11	12	52	
11	13	52	
11	17	52	
11	19	52	
11	20	52	
11	12	58	
11	13	58	
11	15	58	
11	32	58	
11	36	58	
11	37	58	
12	22	33	
12	25	33	
12	26	33	
12	27	33	
12	28	33	
12	31	33	
12	22	34	
12	23	34	
12	24	34	
12	25	34	
12	26	34	
12	27	34	
12	28	34	
12	31	34	
12	32	34	
12	17	52	
12	18	52	
12	19	52	
12	20	52	
12	35	52	
12	50	52	
12	14	53	
12	18	53	
12	19	53	
12	20	53	
12	21	53	
12	35	53	
12	36	53	
12	51	53	
12	15	58	
12	32	58	
12	35	58	
12	36	58	
12	37	58	
12	51	58	
13	17	52	
13	19	52	
13	50	52	
13	19	53	
13	51	53	
13	15	58	
13	51	58	
14	28	40	
14	29	40	
14	36	40	
14	37	40	
14	38	40	
14	18	53	
14	19	53	
14	20	53	
14	21	53	
14	33	53	
14	35	53	
14	36	53	
14	51	53	
14	20	54	
14	21	54	
14	52	54	
15	22	39	
15	25	39	
15	26	39	
15	31	39	
15	25	41	
15	26	41	
15	30	41	
15	31	41	
15	32	41	
15	33	41	
15	34	41	
15	47	48	
15	16	49	
15	17	49	
15	18	49	
15	22	49	
15	25	49	
15	26	49	
15	27	49	
15	30	49	
15	31	49	
15	32	49	
15	33	49	
15	34	49	
15	47	49	
15	32	58	
15	33	58	
15	34	58	
15	35	58	
15	36	58	
15	37	58	
15	51	58	
16	17	49	
16	18	49	
16	22	49	
16	25	49	
16	26	49	
16	27	49	
16	30	49	
16	31	49	
16	32	49	
16	33	49	
16	34	49	
16	39	49	
16	41	49	
16	45	49	
16	47	49	
16	17	50	
16	18	50	
17	18	49	
17	22	49	
17	25	49	
17	26	49	
17	27	49	
17	30	49	
17	31	49	
17	32	49	
17	34	49	
17	39	49	
17	41	49	
17	45	49	
17	47	49	
17	18	50	
17	18	51	
17	19	51	
17	35	51	
17	18	52	
17	19	52	
17	20	52	
17	34	52	
17	35	52	
18	22	49	
18	25	49	
18	26	49	
18	27	49	
18	30	49	
18	31	49	
18	32	49	
18	33	49	
18	34	49	
18	39	49	
18	41	49	
18	45	49	
18	47	49	
18	19	51	
18	33	51	
18	35	51	
18	19	52	
18	20	52	
18	33	52	
18	34	52	
18	35	52	
18	19	53	
18	20	53	
18	21	53	
18	33	53	
18	35	53	
18	36	53	
19	33	51	
19	35	51	
19	20	52	
19	33	52	
19	34	52	
19	35	52	
19	50	52	
19	20	53	
19	21	53	
19	33	53	
19	35	53	
19	36	53	
20	33	52	
20	34	52	
20	35	52	
20	50	52	
20	21	53	
20	33	53	
20	35	53	
20	36	53	
20	51	53	
20	21	54	
21	35	53	
21	36	53	
21	51	53	
21	52	54	
22	23	32	
22	24	32	
22	25	32	
22	27	32	
22	28	32	
22	30	32	
22	31	32	
22	25	33	
22	27	33	
22	28	33	
22	31	33	
22	23	34	
22	24	34	
22	25	34	
22	27	34	
22	28	34	
22	31	34	
22	25	39	
22	31	39	
22	25	49	
22	27	49	
22	30	49	
22	31	49	
22	41	49	
22	45	49	
22	47	49	
23	25	30	
23	26	30	
23	24	32	
23	25	32	
23	26	32	
23	27	32	
23	28	32	
23	31	32	
23	24	34	
23	25	34	
23	26	34	
23	27	34	
23	28	34	
23	31	34	
24	25	32	
24	26	32	
24	27	32	
24	28	32	
24	30	32	
24	31	32	
24	25	34	
24	26	34	
24	27	34	
24	28	34	
24	31	34	
24	27	35	
24	28	35	
24	27	36	
24	28	36	
24	29	36	
24	28	38	
24	29	38	
24	37	38	
24	50	60	
24	51	60	
25	26	30	
25	26	31	
25	26	32	
25	27	32	
25	28	32	
25	26	33	
25	27	33	
25	28	33	
25	26	34	
25	27	34	
25	28	34	
25	26	39	
25	26	41	
25	26	49	
25	27	49	
25	45	49	
25	47	49	
25	43	64	
25	57	64	
25	62	64	
25	63	64	
26	27	32	
26	28	32	
26	27	33	
26	28	33	
26	27	34	
26	28	34	
26	27	49	
26	45	49	
26	47	49	
27	28	32	
27	30	32	
27	31	32	
27	28	33	
27	31	33	
27	28	34	
27	31	34	
27	28	35	
27	28	36	
27	29	36	
27	30	49	
27	31	49	
27	39	49	
27	41	49	
27	45	49	
27	47	49	
28	30	32	
28	31	32	
28	31	33	
28	31	34	
28	29	36	
28	29	37	
28	29	38	
28	29	40	
30	33	41	
30	34	41	
30	33	49	
30	34	49	
30	45	49	
30	47	49	
30	57	64	
30	62	64	
30	63	64	
31	45	49	
31	47	49	
32	45	49	
32	47	49	
32	35	58	
32	36	58	
32	37	58	
32	51	58	
32	43	64	
32	57	64	
32	62	64	
32	63	64	
33	39	49	
33	45	49	
33	47	49	
33	50	52	
33	37	58	
34	39	49	
34	45	49	
34	47	49	
34	50	52	
34	51	58	
35	50	52	
35	37	58	
36	38	40	
36	51	53	
36	51	58	
37	51	58	
39	47	49	
39	57	64	
39	62	64	
39	63	64	
41	47	49	
43	62	64	
43	63	64	
45	47	49	
52	55	59	
57	63	64	
62	63	64	

subgraph id = 38
Nreal : 354
=================================
Full list of 354 members:

22	8	3	
25	8	3	
31	8	3	
15	9	3	
16	9	3	
16	9	4	
25	10	4	
25	10	8	
31	10	8	
33	21	13	
36	33	13	
36	34	13	
37	34	13	
37	36	13	
37	36	34	
49	38	13	
47	43	13	
49	43	13	
57	47	43	
57	47	46	
51	49	43	
51	50	43	
61	57	46	
62	57	46	
61	58	46	
62	58	46	
63	58	46	
60	59	46	
62	59	46	
63	59	46	
25	2	10	
31	2	10	
25	3	10	
31	3	10	
39	3	10	
37	7	13	
37	7	36	
62	9	58	
28	11	18	
28	13	18	
51	16	49	
51	16	50	
47	43	44	
6	35	13	
6	36	13	
6	40	13	
7	36	13	
7	40	13	
8	45	9	
11	58	18	
11	51	50	
12	33	13	
12	34	13	
13	58	18	
17	51	49	
17	51	50	
18	51	49	
18	51	50	
24	36	34	
27	36	33	
27	36	34	
28	36	33	
28	36	34	
28	37	34	
28	37	36	
29	37	36	
30	49	43	
33	51	49	
43	64	44	
8	9	3	
8	39	3	
9	39	3	
14	40	13	
15	39	3	
15	45	9	
22	26	3	
22	39	3	
22	26	4	
23	32	13	
23	34	13	
25	31	2	
25	31	3	
25	39	3	
25	30	8	
25	31	8	
25	31	10	
25	32	10	
25	39	10	
26	31	3	
26	39	3	
27	32	13	
27	33	13	
27	34	13	
27	35	13	
27	36	13	
27	49	13	
28	35	11	
28	32	13	
28	33	13	
28	34	13	
28	35	13	
28	36	13	
28	37	13	
28	38	13	
28	40	13	
29	36	13	
29	37	13	
29	38	13	
29	40	13	
31	39	3	
31	32	10	
31	39	10	
32	34	13	
32	41	13	
32	49	13	
33	41	13	
33	49	13	
34	41	13	
34	49	13	
36	40	13	
37	38	13	
37	40	13	
38	40	13	
39	49	13	
41	49	13	
45	49	13	
47	49	13	
47	48	43	
47	49	43	
47	56	43	
49	56	43	
50	57	43	
51	58	16	
51	58	46	
51	60	46	
52	59	46	
25	2	33	
31	2	33	
25	2	34	
31	2	34	
25	2	41	
31	2	41	
9	3	58	
15	3	58	
27	5	33	
37	7	40	
22	8	32	
25	8	32	
30	8	32	
31	8	32	
22	8	39	
25	8	39	
31	8	39	
25	8	41	
30	8	41	
31	8	41	
10	8	49	
22	8	49	
25	8	49	
30	8	49	
31	8	49	
15	9	39	
15	9	41	
15	9	58	
25	10	49	
31	10	49	
32	10	49	
39	10	49	
11	10	50	
11	10	52	
11	10	58	
32	10	58	
28	11	33	
28	11	34	
35	11	51	
35	11	52	
35	11	58	
20	13	52	
33	13	52	
34	13	52	
35	13	52	
14	13	53	
20	13	53	
21	13	53	
33	13	53	
35	13	53	
36	13	53	
14	13	54	
20	13	54	
21	13	54	
32	13	58	
33	13	58	
34	13	58	
35	13	58	
36	13	58	
37	13	58	
33	17	49	
33	17	51	
33	17	52	
33	21	53	
36	33	53	
36	33	58	
36	34	58	
37	34	58	
37	36	40	
37	36	58	
57	43	64	
51	50	60	
62	57	64	
1	32	41	
1	33	41	
2	9	33	
2	9	34	
2	9	41	
2	33	41	
2	34	41	
3	10	58	
5	11	33	
5	12	33	
6	13	18	
6	36	40	
7	36	40	
8	9	39	
8	9	41	
8	32	41	
8	32	49	
8	39	49	
8	41	49	
8	45	49	
9	33	41	
9	33	58	
9	34	41	
9	34	58	
10	50	52	
11	18	50	
11	18	51	
11	18	52	
11	33	51	
11	33	52	
11	33	58	
11	34	52	
11	34	58	
11	50	52	
11	51	58	
12	13	52	
12	13	53	
12	13	58	
12	33	52	
12	33	53	
12	33	58	
12	34	52	
12	34	58	
13	18	52	
13	18	53	
13	52	54	
15	39	49	
15	41	49	
15	45	49	
17	50	52	
18	50	52	
18	51	53	
19	51	53	
20	52	54	
22	26	32	
22	26	33	
22	26	34	
22	26	39	
22	26	49	
22	32	34	
22	32	49	
22	33	49	
22	34	49	
22	39	49	
23	30	32	
23	32	34	
24	32	34	
25	30	32	
25	30	41	
25	30	49	
25	30	64	
25	31	32	
25	31	33	
25	31	34	
25	31	39	
25	31	41	
25	31	49	
25	32	34	
25	32	41	
25	32	49	
25	32	64	
25	33	41	
25	33	49	
25	34	41	
25	34	49	
25	39	49	
25	39	64	
25	41	49	
26	30	32	
26	30	41	
26	30	49	
26	31	32	
26	31	33	
26	31	34	
26	31	39	
26	31	41	
26	31	49	
26	32	34	
26	32	41	
26	32	49	
26	33	41	
26	33	49	
26	34	41	
26	34	49	
26	39	49	
26	41	49	
27	32	34	
27	32	49	
27	33	49	
27	34	49	
28	32	34	
28	36	40	
28	37	38	
28	37	40	
28	38	40	
29	36	40	
29	37	38	
29	37	40	
29	38	40	
30	32	41	
30	32	49	
30	32	64	
30	41	49	
30	43	64	
31	32	34	
31	32	41	
31	32	49	
31	33	41	
31	33	49	
31	34	41	
31	34	49	
31	39	49	
31	41	49	
32	34	41	
32	34	49	
32	34	58	
32	41	49	
33	41	49	
33	51	53	
33	51	58	
34	41	49	
35	51	53	
35	51	58	
37	38	40	
47	49	56	

subgraph id = 46
Nreal : 74
=================================
Full list of 74 members:

9	10	4	
30	31	8	
32	39	10	
32	33	13	
32	39	13	
33	34	13	
33	35	13	
34	35	13	
35	36	13	
39	41	13	
39	43	13	
39	45	13	
41	43	13	
41	45	13	
43	45	13	
48	49	43	
48	56	43	
48	57	43	
49	50	43	
49	57	43	
51	52	46	
52	58	46	
56	57	43	
57	58	16	
57	58	46	
58	59	46	
61	64	44	
2	32	10	
2	39	10	
3	32	10	
4	35	11	
5	35	11	
5	36	33	
41	45	44	
43	45	44	
2	32	34	
2	32	41	
3	32	58	
3	33	58	
3	34	58	
9	10	58	
10	33	49	
10	33	52	
10	33	58	
10	34	49	
10	34	52	
10	34	58	
30	31	32	
30	31	41	
30	31	49	
30	39	49	
30	39	64	
32	33	41	
32	33	49	
32	33	58	
32	39	49	
32	39	64	
33	34	41	
33	34	49	
33	34	52	
33	34	58	
33	35	51	
33	35	52	
33	35	53	
33	35	58	
34	35	52	
34	35	58	
35	36	53	
35	36	58	
39	41	49	
39	43	64	
39	45	49	
41	43	44	
41	45	49	

subgraph id = 74
Nreal : 455
=================================
Full list of 455 members:

1	32	2	
1	32	3	
1	33	3	
1	33	4	
1	33	10	
1	39	2	
1	39	30	
2	33	3	
2	33	4	
2	34	3	
2	34	4	
2	34	5	
3	58	52	
3	58	57	
5	33	10	
5	33	32	
6	35	33	
6	35	34	
7	36	35	
8	45	43	
8	49	48	
9	33	32	
9	39	30	
9	39	32	
9	58	52	
9	58	57	
10	49	48	
10	52	51	
10	58	57	
11	33	32	
11	50	49	
11	58	57	
12	33	32	
12	52	51	
12	53	46	
12	58	57	
13	52	51	
13	53	46	
13	54	46	
13	58	57	
14	53	46	
14	53	52	
14	54	46	
15	39	30	
15	39	32	
15	45	43	
15	58	52	
15	58	57	
16	49	48	
17	49	48	
18	49	48	
18	53	46	
19	53	46	
20	52	51	
20	53	46	
20	54	46	
21	53	46	
21	53	52	
21	54	46	
22	39	30	
22	49	48	
23	34	33	
24	34	33	
24	35	33	
25	49	48	
25	64	61	
26	49	48	
27	49	48	
29	36	35	
30	49	48	
30	64	61	
31	49	48	
32	49	48	
32	58	52	
32	58	57	
32	64	61	
33	41	39	
33	49	48	
33	53	46	
33	58	57	
34	41	39	
34	49	48	
34	52	51	
34	58	57	
35	53	46	
35	58	57	
36	53	46	
36	53	52	
36	58	52	
36	58	57	
37	58	52	
37	58	57	
39	49	48	
39	64	61	
41	49	48	
43	64	61	
45	49	48	
50	57	56	
51	58	57	
55	59	58	
1	33	34	
1	33	35	
1	39	43	
1	39	45	
1	41	43	
1	41	45	
2	9	49	
2	9	50	
2	33	35	
2	34	35	
2	41	43	
2	41	45	
3	58	59	
8	9	50	
8	32	33	
8	39	43	
8	41	43	
8	49	50	
8	49	57	
9	33	35	
9	34	35	
9	39	43	
9	41	43	
9	58	59	
10	49	57	
10	52	53	
10	58	59	
11	52	53	
11	58	59	
12	33	35	
12	34	35	
12	53	54	
12	53	59	
12	58	59	
13	53	59	
13	54	55	
13	54	59	
13	58	59	
14	53	59	
14	54	55	
14	54	59	
15	39	43	
15	41	43	
15	48	56	
15	48	57	
15	49	50	
15	49	57	
15	58	59	
17	49	57	
17	52	53	
17	52	58	
18	49	57	
18	53	54	
18	53	59	
19	52	58	
19	53	54	
19	53	59	
20	52	58	
20	53	59	
20	54	55	
20	54	59	
21	53	59	
21	54	55	
21	54	59	
22	33	35	
22	34	35	
22	39	41	
22	39	43	
22	39	45	
22	49	50	
22	49	57	
23	30	31	
23	30	39	
23	32	33	
23	32	39	
23	34	35	
24	32	33	
24	32	39	
25	33	35	
25	34	35	
25	39	43	
25	39	45	
25	41	43	
25	41	45	
25	49	50	
25	49	57	
26	33	35	
26	34	35	
26	39	43	
26	39	45	
26	41	43	
26	41	45	
26	49	50	
26	49	57	
27	32	39	
27	49	50	
27	49	57	
28	32	39	
30	32	33	
30	41	45	
30	43	45	
30	49	50	
30	49	57	
31	33	35	
31	34	35	
31	39	43	
31	39	45	
31	41	43	
31	41	45	
31	49	50	
31	49	57	
32	34	35	
32	41	43	
32	41	45	
32	49	50	
32	49	57	
32	58	59	
33	41	43	
33	41	45	
33	49	50	
33	49	57	
33	53	54	
33	53	59	
33	58	59	
34	41	43	
34	41	45	
34	49	50	
34	49	57	
34	52	53	
34	58	59	
35	53	54	
35	53	59	
35	58	59	
36	53	54	
36	53	59	
36	58	59	
37	58	59	
39	49	50	
39	49	57	
41	49	50	
41	49	57	
45	49	50	
45	49	57	
47	49	50	
50	52	53	
50	52	58	
50	57	58	
51	53	54	
51	53	59	
51	58	59	
52	54	55	
36	33	3	
36	34	3	
37	34	3	
36	33	4	
36	34	4	
37	34	4	
14	13	5	
20	13	5	
21	13	5	
23	13	5	
28	13	5	
29	13	5	
32	13	5	
37	13	5	
38	13	5	
39	13	5	
40	13	5	
41	13	5	
43	13	5	
45	13	5	
47	13	5	
49	13	5	
37	34	5	
37	36	5	
11	10	9	
25	10	9	
31	10	9	
32	10	9	
51	49	9	
51	50	9	
36	33	10	
36	34	10	
37	34	10	
36	33	32	
37	34	33	
37	36	35	
47	43	39	
48	43	39	
50	43	39	
51	43	39	
56	43	39	
57	43	39	
47	43	41	
48	43	41	
50	43	41	
51	43	41	
56	43	41	
57	43	41	
51	49	48	
61	56	48	
61	57	48	
62	57	48	
61	57	49	
62	57	49	
55	53	52	
61	58	52	
62	58	52	
63	58	52	
60	54	53	
60	59	53	
62	59	53	
63	59	53	
62	59	54	
63	59	54	
62	57	56	
63	58	57	
60	59	58	
8	32	2	
22	32	2	
23	32	2	
24	32	2	
26	32	2	
27	32	2	
28	32	2	
30	32	2	
8	39	2	
15	39	2	
22	39	2	
26	39	2	
23	32	3	
24	32	3	
28	32	3	
30	32	3	
5	33	3	
11	33	3	
12	33	3	
28	33	3	
11	34	3	
12	34	3	
23	34	3	
24	34	3	
28	34	3	
5	33	4	
12	33	4	
28	33	4	
31	33	4	
12	34	4	
23	34	4	
24	34	4	
28	34	4	
31	34	4	
32	34	4	
6	35	4	
24	35	4	
28	35	4	
6	13	5	
7	13	5	
9	34	5	
22	34	5	
23	34	5	
24	34	5	
25	34	5	
26	34	5	
28	34	5	
31	34	5	
32	34	5	
6	35	5	
24	35	5	
28	35	5	
6	36	5	
7	36	5	
24	36	5	
28	36	5	
29	36	5	
18	49	9	
22	49	9	
25	49	9	
26	49	9	
27	49	9	
30	49	9	
31	49	9	
32	49	9	
47	49	9	
11	50	9	
18	50	9	
12	33	10	
22	33	10	
26	33	10	
27	33	10	
28	33	10	
12	34	10	
22	34	10	
23	34	10	
24	34	10	
26	34	10	
27	34	10	
28	34	10	
50	57	48	
62	64	61	
63	64	61	
9	3	32	
15	3	32	
16	3	32	
8	3	33	
15	3	33	
16	3	33	
8	3	34	
15	3	34	
16	3	34	
16	4	33	
16	4	34	
9	4	35	
10	4	35	
16	4	35	
22	4	35	
25	4	35	
26	4	35	
15	9	50	
45	9	50	
47	46	53	
47	46	54	
51	46	54	
51	49	57	
39	3	33	
39	3	34	
15	9	10	
16	9	10	
17	9	10	
45	9	10	
62	9	10	
62	9	49	
62	9	50	
39	10	33	
39	10	34	
37	34	35	
47	43	45	
48	43	45	
50	43	45	
51	43	45	
56	43	45	
57	43	45	
57	46	53	
58	46	53	
60	46	53	
61	46	53	
62	46	53	
63	46	53	
57	46	54	
58	46	54	
61	46	54	
62	46	54	
63	46	54	
60	54	55	
61	58	59	

subgraph id = 78
Nreal : 32
=================================
Full list of 32 members:

32	2	3	
39	2	30	
33	3	4	
34	3	4	
34	3	5	
33	4	32	
34	4	5	
35	4	5	
34	5	10	
49	9	48	
58	52	57	
59	53	58	
59	54	58	
39	2	43	
39	2	45	
33	3	35	
34	3	35	
35	4	36	
49	9	57	
33	10	35	
34	10	35	
39	30	45	
33	32	35	
39	32	43	
39	32	45	
49	48	50	
57	48	58	
57	49	58	
57	56	58	
58	57	59	
32	33	39	
52	53	58	

subgraph id = 98
Nreal : 12
=================================
Full list of 12 members:

3	10	8	
3	58	16	
4	11	10	
8	32	10	
8	39	10	
9	33	17	
9	58	16	
13	18	49	
16	50	57	
17	49	56	
18	51	58	
46	55	59	

subgraph id = 102
Nreal : 30
=================================
Full list of 30 members:

10	8	9	
45	9	39	
45	9	41	
35	11	33	
35	11	34	
57	16	49	
58	18	52	
57	47	48	
57	47	49	
57	47	56	
9	3	10	
30	8	39	
51	50	52	
61	57	64	
5	33	13	
9	39	10	
39	49	43	
41	49	43	
46	55	53	
45	49	43	
2	9	39	
4	11	33	
4	11	34	
5	11	34	
5	12	13	
5	12	34	
9	33	49	
9	34	49	
9	39	49	
9	41	49	

subgraph id = 108
Nreal : 146
=================================
Full list of 146 members:

27	5	13	
36	33	34	
60	46	54	
51	49	50	
60	54	59	
61	56	57	
61	57	58	
62	57	58	
62	58	59	
63	58	59	
1	32	33	
1	32	39	
1	39	41	
2	9	10	
2	10	33	
2	10	34	
2	33	34	
6	35	36	
8	9	49	
8	32	39	
8	39	41	
8	39	45	
8	41	45	
9	33	34	
9	39	41	
10	49	50	
10	52	58	
11	33	34	
11	51	52	
11	52	58	
12	33	34	
12	52	53	
12	52	58	
13	52	53	
13	52	58	
13	53	54	
14	53	54	
15	39	41	
15	39	45	
15	41	45	
15	48	49	
16	49	50	
17	49	50	
17	51	52	
18	49	50	
18	51	52	
18	52	53	
19	51	52	
19	52	53	
20	52	53	
20	53	54	
21	53	54	
22	32	33	
22	32	39	
22	33	34	
24	34	35	
24	35	36	
25	30	31	
25	30	39	
25	32	33	
25	32	39	
25	33	34	
25	39	41	
26	30	31	
26	30	39	
26	32	33	
26	32	39	
26	33	34	
26	39	41	
27	32	33	
27	33	34	
27	33	35	
27	34	35	
27	35	36	
28	32	33	
28	33	34	
28	33	35	
28	34	35	
28	35	36	
30	41	43	
31	32	33	
31	32	39	
31	33	34	
31	39	41	
33	51	52	
33	52	53	
33	52	58	
34	52	58	
35	51	52	
35	52	53	
35	52	58	
47	48	49	
47	48	56	
52	54	59	
25	2	32	
31	2	32	
25	2	39	
31	2	39	
8	3	32	
22	3	32	
25	3	32	
26	3	32	
27	3	32	
31	3	32	
9	3	33	
22	3	33	
25	3	33	
26	3	33	
27	3	33	
31	3	33	
9	3	34	
22	3	34	
25	3	34	
26	3	34	
27	3	34	
31	3	34	
9	4	33	
22	4	33	
25	4	33	
26	4	33	
27	4	33	
9	4	34	
22	4	34	
25	4	34	
26	4	34	
27	4	34	
27	4	35	
27	5	34	
27	5	35	
27	5	36	
15	9	49	
16	9	49	
17	9	49	
45	9	49	
16	9	50	
17	9	50	
11	10	33	
25	10	33	
31	10	33	
11	10	34	
25	10	34	
31	10	34	
32	10	34	
51	46	53	
52	46	54	
55	53	59	

subgraph id = 110
Nreal : 41
=================================
Full list of 41 members:

10	33	4	
10	34	4	
32	33	10	
52	53	46	
39	32	3	
36	35	33	
36	35	34	
59	53	46	
59	54	46	
55	54	53	
3	33	10	
3	34	10	
5	34	33	
5	35	33	
30	39	32	
49	57	56	
34	5	13	
35	5	13	
36	5	13	
36	5	34	
2	32	33	
2	39	41	
9	10	33	
9	10	34	
30	39	41	
30	39	43	
32	33	34	
32	39	41	
46	54	55	
51	52	53	
51	52	58	
52	53	54	
52	53	59	
52	58	59	
32	3	34	
10	9	49	
10	9	50	
31	30	39	
49	48	56	
50	49	57	
55	54	59	

subgraph id = 238
Nreal : 19
=================================
Full list of 19 members:

2	32	39	
3	32	33	
3	33	34	
4	33	34	
4	33	35	
4	34	35	
5	34	35	
5	35	36	
9	49	50	
10	33	34	
33	34	35	
39	41	43	
39	41	45	
39	43	45	
41	43	45	
46	53	54	
48	49	57	
48	56	57	
53	54	59	

