1 32 1
1 33 1
1 39 1
1 41 1
2 9 1
2 10 1
2 32 1
2 33 1
2 34 1
2 39 1
2 41 1
3 10 1
3 32 1
3 33 1
3 34 1
3 58 1
4 11 1
4 33 1
4 34 1
4 35 1
5 11 1
5 12 1
5 13 1
5 33 1
5 34 1
5 35 1
5 36 1
6 13 1
6 18 1
6 35 1
6 36 1
6 40 1
7 13 1
7 36 1
7 40 1
8 3 1
8 9 1
8 32 1
8 39 1
8 41 1
8 45 1
8 49 1
9 3 1
9 4 1
9 10 1
9 33 1
9 34 1
9 39 1
9 41 1
9 49 1
9 50 1
9 58 1
10 4 1
10 8 1
10 9 1
10 33 1
10 34 1
10 49 1
10 50 1
10 52 1
10 58 1
11 10 1
11 18 1
11 33 1
11 34 1
11 50 1
11 51 1
11 52 1
11 58 1
12 13 1
12 33 1
12 34 1
12 52 1
12 53 1
12 58 1
13 5 1
13 18 1
13 52 1
13 53 1
13 54 1
13 58 1
14 13 1
14 40 1
14 53 1
14 54 1
15 3 1
15 9 1
15 39 1
15 41 1
15 45 1
15 48 1
15 49 1
15 58 1
16 3 1
16 4 1
16 9 1
16 49 1
16 50 1
17 9 1
17 49 1
17 50 1
17 51 1
17 52 1
18 49 1
18 50 1
18 51 1
18 52 1
18 53 1
19 51 1
19 52 1
19 53 1
20 13 1
20 52 1
20 53 1
20 54 1
21 13 1
21 53 1
21 54 1
22 3 1
22 4 1
22 8 1
22 26 1
22 32 1
22 33 1
22 34 1
22 39 1
22 49 1
23 13 1
23 30 1
23 32 1
23 34 1
24 32 1
24 34 1
24 35 1
24 36 1
24 38 1
24 60 1
25 2 1
25 3 1
25 4 1
25 8 1
25 10 1
25 30 1
25 31 1
25 32 1
25 33 1
25 34 1
25 39 1
25 41 1
25 49 1
25 64 1
26 3 1
26 4 1
26 30 1
26 31 1
26 32 1
26 33 1
26 34 1
26 39 1
26 41 1
26 49 1
27 3 1
27 4 1
27 5 1
27 13 1
27 32 1
27 33 1
27 34 1
27 35 1
27 36 1
27 49 1
28 11 1
28 13 1
28 18 1
28 32 1
28 33 1
28 34 1
28 35 1
28 36 1
28 37 1
28 38 1
28 40 1
29 13 1
29 36 1
29 37 1
29 38 1
29 40 1
30 8 1
30 31 1
30 32 1
30 39 1
30 41 1
30 43 1
30 49 1
30 64 1
31 2 1
31 3 1
31 8 1
31 10 1
31 30 1
31 32 1
31 33 1
31 34 1
31 39 1
31 41 1
31 49 1
32 2 1
32 3 1
32 10 1
32 13 1
32 33 1
32 34 1
32 39 1
32 41 1
32 49 1
32 58 1
32 64 1
33 3 1
33 4 1
33 10 1
33 13 1
33 17 1
33 21 1
33 32 1
33 34 1
33 35 1
33 41 1
33 49 1
33 51 1
33 52 1
33 53 1
33 58 1
34 3 1
34 4 1
34 5 1
34 10 1
34 13 1
34 33 1
34 35 1
34 41 1
34 49 1
34 52 1
34 58 1
35 4 1
35 5 1
35 11 1
35 13 1
35 33 1
35 34 1
35 36 1
35 51 1
35 52 1
35 53 1
35 58 1
36 5 1
36 13 1
36 33 1
36 34 1
36 35 1
36 40 1
36 53 1
36 58 1
37 7 1
37 13 1
37 34 1
37 36 1
37 38 1
37 40 1
37 58 1
38 13 1
38 40 1
39 2 1
39 3 1
39 10 1
39 13 1
39 30 1
39 32 1
39 41 1
39 43 1
39 45 1
39 49 1
39 64 1
40 13 1
41 13 1
41 39 1
41 43 1
41 44 1
41 45 1
41 49 1
42 40 1
43 13 1
43 39 1
43 41 1
43 44 1
43 45 1
43 64 1
45 9 1
45 13 1
45 39 1
45 41 1
45 43 1
45 44 1
45 49 1
46 53 1
46 54 1
46 55 1
47 13 1
47 43 1
47 44 1
47 46 1
47 48 1
47 49 1
47 56 1
48 43 1
48 49 1
48 56 1
48 57 1
49 9 1
49 13 1
49 38 1
49 43 1
49 48 1
49 50 1
49 56 1
49 57 1
50 9 1
50 43 1
50 49 1
50 52 1
50 57 1
50 60 1
51 16 1
51 43 1
51 46 1
51 49 1
51 50 1
51 52 1
51 53 1
51 58 1
51 60 1
52 46 1
52 51 1
52 53 1
52 54 1
52 58 1
52 59 1
53 46 1
53 52 1
53 54 1
53 59 1
54 46 1
54 53 1
54 55 1
54 59 1
55 44 1
55 53 1
55 54 1
55 59 1
56 12 1
56 17 1
56 43 1
56 48 1
56 57 1
57 16 1
57 43 1
57 46 1
57 47 1
57 48 1
57 49 1
57 56 1
57 58 1
57 64 1
58 16 1
58 18 1
58 46 1
58 52 1
58 57 1
58 59 1
59 46 1
59 53 1
59 54 1
59 58 1
60 46 1
60 54 1
60 59 1
61 44 1
61 46 1
61 56 1
61 57 1
61 58 1
61 64 1
62 9 1
62 38 1
62 46 1
62 57 1
62 58 1
62 59 1
62 64 1
63 46 1
63 58 1
63 59 1
63 64 1
64 44 1
64 61 1
