
   Summary motif results
   =====================
mfinder Version 1.20

MOTIF FINDER RESULTS:

	Network name: ec_pdc_20.txt
	Network type: Directed
	Num of Nodes: 64 Num of Edges: 404
	Num of Nodes with edges: 64
	Maximal out degree (out-hub) : 15
	Maximal in degree (in-hub) : 25
	Roots num: 16 Leaves num: 1
	Single Edges num: 306 Mutual Edges num: 49

	Motif size searched  4
	Total number of 4-node subgraphs : 37545
	Number of random networks generated : 1000
	Random networks generation method: Switches
	Num of Switches range: 100.0-200.0, Success switches Ratio:0.469+-0.00

The following motifs were found:

Criteria taken : Pval < 0.010
                 Mfactor > 1.10
                 Uniqueness >= 4

MOTIF	NREAL	NRAND		NREAL	NREAL	UNIQ	CREAL
ID		STATS		ZSCORE	PVAL	VAL	[MILI]	
94	169	108.6+-19.6	3.08	0.005	5	4.50

0 1 1 1 
1 0 1 0 
0 0 0 0 
0 0 0 0 

206	92	57.9+-10.5	3.26	0.002	5	2.45

0 1 1 1 
0 0 1 1 
0 0 0 0 
0 0 0 0 

344	745	423.7+-36.4	8.82	0.000	8	19.84

0 0 0 1 
1 0 1 0 
1 0 0 0 
0 0 0 0 

348	454	250.0+-36.5	5.59	0.000	8	12.09

0 0 1 1 
1 0 1 0 
1 0 0 0 
0 0 0 0 

410	446	237.7+-47.4	4.40	0.000	5	11.88

0 1 0 1 
1 0 0 1 
1 0 0 0 
0 0 0 0 

476	137	62.3+-11.4	6.56	0.000	6	3.65

0 0 1 1 
1 0 1 1 
1 0 0 0 
0 0 0 0 

856	170	46.7+-12.0	10.25	0.000	5	4.53

0 0 0 1 
1 0 1 0 
1 1 0 0 
0 0 0 0 

862	64	22.8+-11.5	3.58	0.004	4	1.70

0 1 1 1 
1 0 1 0 
1 1 0 0 
0 0 0 0 

906	209	85.8+-15.8	7.81	0.000	5	5.57

0 1 0 1 
0 0 0 1 
1 1 0 0 
0 0 0 0 

910	40	19.3+-6.1	3.38	0.003	4	1.07

0 1 1 1 
0 0 0 1 
1 1 0 0 
0 0 0 0 

922	169	23.4+-7.7	19.00	0.000	5	4.50

0 1 0 1 
1 0 0 1 
1 1 0 0 
0 0 0 0 

2186	2037	1702.3+-91.3	3.66	0.000	8	54.25

0 1 0 1 
0 0 0 1 
0 0 0 1 
0 0 0 0 

2190	110	71.4+-12.4	3.11	0.006	6	2.93

0 1 1 1 
0 0 0 1 
0 0 0 1 
0 0 0 0 

2202	406	195.4+-40.7	5.18	0.000	5	10.81

0 1 0 1 
1 0 0 1 
0 0 0 1 
0 0 0 0 

2204	198	121.0+-21.2	3.64	0.002	8	5.27

0 0 1 1 
1 0 0 1 
0 0 0 1 
0 0 0 0 

2206	63	27.3+-8.0	4.44	0.001	5	1.68

0 1 1 1 
1 0 0 1 
0 0 0 1 
0 0 0 0 

2252	325	205.8+-29.6	4.03	0.000	9	8.66

0 0 1 1 
0 0 1 1 
0 0 0 1 
0 0 0 0 

2254	164	33.4+-9.9	13.25	0.000	5	4.37

0 1 1 1 
0 0 1 1 
0 0 0 1 
0 0 0 0 

2524	95	9.8+-4.1	20.92	0.000	4	2.53

0 0 1 1 
1 0 1 1 
1 0 0 1 
0 0 0 0 

4436	1057	766.8+-86.0	3.37	0.000	8	28.15

0 0 1 0 
1 0 1 0 
1 0 0 0 
1 0 0 0 

4440	489	337.8+-35.6	4.25	0.000	9	13.02

0 0 0 1 
1 0 1 0 
1 0 0 0 
1 0 0 0 

4564	103	65.5+-11.2	3.35	0.001	5	2.74

0 0 1 0 
1 0 1 1 
1 0 0 0 
1 0 0 0 

4572	38	18.4+-6.0	3.26	0.003	4	1.01

0 0 1 1 
1 0 1 1 
1 0 0 0 
1 0 0 0 

4678	187	100.1+-23.4	3.72	0.000	5	4.98

0 1 1 0 
0 0 1 0 
0 1 0 0 
1 0 0 0 

4950	155	55.2+-26.3	3.80	0.003	4	4.13

0 1 1 0 
1 0 1 0 
1 1 0 0 
1 0 0 0 

4952	97	35.8+-9.5	6.43	0.000	4	2.58

0 0 0 1 
1 0 1 0 
1 1 0 0 
1 0 0 0 

5016	91	55.1+-13.4	2.67	0.009	5	2.42

0 0 0 1 
1 0 0 1 
1 1 0 0 
1 0 0 0 

5018	64	28.0+-8.2	4.42	0.001	5	1.70

0 1 0 1 
1 0 0 1 
1 1 0 0 
1 0 0 0 

6552	214	48.1+-14.0	11.81	0.000	6	5.70

0 0 0 1 
1 0 0 1 
1 0 0 1 
1 0 0 0 

6616	76	8.0+-3.7	18.20	0.000	5	2.02

0 0 0 1 
1 0 1 1 
1 0 0 1 
1 0 0 0 

6620	64	8.2+-3.6	15.38	0.000	6	1.70

0 0 1 1 
1 0 1 1 
1 0 0 1 
1 0 0 0 

13142	82	12.6+-6.9	10.01	0.000	5	2.18

0 1 1 0 
1 0 1 0 
1 1 0 0 
1 1 0 0 

15262	8	0.4+-0.7	11.55	0.000	4	0.21

0 1 1 1 
1 0 0 1 
1 1 0 1 
1 1 0 0 




Full list of subgraphs size 4 ids:

	( Total num of different subgraphs size 4 is : 199 )

MOTIF	NREAL	NRAND		NREAL	NREAL	CREAL	UNIQ
ID		STATS		ZSCORE	PVAL	[MILI]	
14	152	543.5+-44.1	-8.87	1.000	4.05	7

28	561	1073.8+-71.2	-7.20	1.000	14.94	8

30	133	322.1+-31.1	-6.09	1.000	3.54	5

74	1294	2127.7+-103.9	-8.02	1.000	34.47	9

76	3197	6143.7+-224.1	-13.15	1.000	85.15	11

78	346	547.3+-28.0	-7.18	1.000	9.22	8

90	109	240.8+-29.8	-4.43	1.000	2.90	5

92	465	471.1+-32.8	-0.19	0.570	12.39	7

94	169	108.6+-19.6	3.08	0.005	4.50	5

204	172	329.8+-39.8	-3.97	1.000	4.58	7

206	92	57.9+-10.5	3.26	0.002	2.45	5

222	26	5.8+-3.2	6.41	0.000	0.69	3

280	2366	2851.3+-158.1	-3.07	0.995	63.02	9

282	728	1457.6+-86.5	-8.44	1.000	19.39	7

286	63	207.2+-24.7	-5.83	1.000	1.68	3

328	1503	1594.9+-96.1	-0.96	0.841	40.03	8

330	50	115.9+-28.7	-2.30	0.996	1.33	5

332	505	1147.9+-85.2	-7.55	1.000	13.45	8

334	19	83.1+-15.8	-4.05	1.000	0.51	2

344	745	423.7+-36.4	8.82	0.000	19.84	8

346	50	77.0+-15.3	-1.77	0.971	1.33	3

348	454	250.0+-36.5	5.59	0.000	12.09	8

350	40	56.0+-12.5	-1.28	0.911	1.07	5

390	369	456.9+-41.1	-2.14	0.980	9.83	5

392	3910	4651.8+-217.4	-3.41	1.000	104.14	10

394	444	343.0+-42.4	2.38	0.014	11.83	8

396	823	1357.0+-78.6	-6.80	1.000	21.92	9

398	102	101.4+-16.3	0.03	0.484	2.72	5

404	807	1483.2+-73.6	-9.18	1.000	21.49	8

406	58	317.6+-31.5	-8.25	1.000	1.54	3

408	1338	1216.2+-79.4	1.53	0.059	35.64	6

410	446	237.7+-47.4	4.40	0.000	11.88	5

412	243	317.7+-33.0	-2.26	0.996	6.47	6

414	61	69.6+-14.2	-0.61	0.729	1.62	3

454	47	82.8+-16.0	-2.24	0.993	1.25	5

456	119	344.3+-32.2	-6.99	1.000	3.17	6

458	21	23.5+-7.3	-0.34	0.640	0.56	4

460	82	248.9+-26.1	-6.39	1.000	2.18	5

462	12	16.9+-4.8	-1.01	0.893	0.32	3

468	161	158.8+-21.9	0.10	0.457	4.29	7

470	31	60.6+-12.3	-2.40	0.995	0.83	5

472	113	102.3+-14.0	0.77	0.234	3.01	6

474	19	15.8+-5.2	0.60	0.283	0.51	4

476	137	62.3+-11.4	6.56	0.000	3.65	6

478	21	12.1+-4.2	2.10	0.032	0.56	3

856	170	46.7+-12.0	10.25	0.000	4.53	5

858	58	54.4+-12.3	0.29	0.373	1.54	5

862	64	22.8+-11.5	3.58	0.004	1.70	4

904	94	172.7+-23.3	-3.38	1.000	2.50	6

906	209	85.8+-15.8	7.81	0.000	5.57	5

908	27	75.9+-12.3	-3.97	1.000	0.72	4

910	40	19.3+-6.1	3.38	0.003	1.07	4

922	169	23.4+-7.7	19.00	0.000	4.50	5

924	24	15.7+-5.0	1.68	0.065	0.64	3

926	30	10.6+-4.3	4.54	0.000	0.80	3

972	0	27.1+-6.4	-4.22	1.000	0.00	0

974	17	11.5+-4.0	1.36	0.108	0.45	2

990	41	4.9+-3.2	11.26	0.000	1.09	2

2184	2553	3725.1+-159.2	-7.36	1.000	68.00	11

2186	2037	1702.3+-91.3	3.66	0.000	54.25	8

2190	110	71.4+-12.4	3.11	0.006	2.93	6

2202	406	195.4+-40.7	5.18	0.000	10.81	5

2204	198	121.0+-21.2	3.64	0.002	5.27	8

2206	63	27.3+-8.0	4.44	0.001	1.68	5

2252	325	205.8+-29.6	4.03	0.000	8.66	9

2254	164	33.4+-9.9	13.25	0.000	4.37	5

2270	31	3.2+-2.2	12.67	0.000	0.83	2

2458	136	84.0+-19.4	2.68	0.010	3.62	4

2462	20	9.3+-4.7	2.28	0.027	0.53	3

2506	2	2.5+-1.9	-0.27	0.667	0.05	1

2510	13	5.1+-2.8	2.76	0.015	0.35	4

2524	95	9.8+-4.1	20.92	0.000	2.53	4

2526	30	3.6+-2.4	10.97	0.000	0.80	3

3038	17	0.6+-0.9	18.08	0.000	0.45	2

4370	1175	2266.1+-112.8	-9.67	1.000	31.30	8

4374	134	522.2+-47.6	-8.15	1.000	3.57	4

4382	2	37.9+-8.5	-4.21	1.000	0.05	2

4418	140	306.0+-71.6	-2.32	0.995	3.73	4

4420	631	1345.4+-94.8	-7.53	1.000	16.81	7

4422	45	179.8+-33.2	-4.06	1.000	1.20	4

4424	921	1119.2+-75.4	-2.63	0.993	24.53	8

4426	17	76.5+-20.1	-2.96	1.000	0.45	3

4428	179	760.8+-61.7	-9.42	1.000	4.77	3

4430	5	52.9+-11.1	-4.32	1.000	0.13	2

4434	179	242.4+-42.1	-1.51	0.946	4.77	4

4436	1057	766.8+-86.0	3.37	0.000	28.15	8

4438	107	136.1+-27.7	-1.05	0.853	2.85	5

4440	489	337.8+-35.6	4.25	0.000	13.02	9

4442	24	56.0+-12.3	-2.60	1.000	0.64	3

4444	125	182.5+-24.5	-2.35	0.996	3.33	4

4446	9	30.3+-6.3	-3.39	1.000	0.24	3

4546	0	10.4+-5.7	-1.83	1.000	0.00	0

4548	36	201.3+-24.6	-6.73	1.000	0.96	4

4550	1	12.3+-5.1	-2.19	1.000	0.03	1

4556	21	70.8+-11.9	-4.18	1.000	0.56	2

4558	0	4.4+-2.6	-1.72	1.000	0.00	0

4562	4	7.7+-3.9	-0.95	0.882	0.11	2

4564	103	65.5+-11.2	3.35	0.001	2.74	5

4566	6	9.2+-3.5	-0.91	0.857	0.16	2

4572	38	18.4+-6.0	3.26	0.003	1.01	4

4574	2	2.7+-1.7	-0.39	0.726	0.05	2

4678	187	100.1+-23.4	3.72	0.000	4.98	5

4682	204	308.1+-20.2	-5.15	1.000	5.43	5

4686	32	28.5+-8.3	0.42	0.338	0.85	3

4692	68	224.0+-43.5	-3.58	1.000	1.81	4

4694	110	135.4+-28.4	-0.89	0.828	2.93	4

4698	13	105.3+-15.2	-6.09	1.000	0.35	2

4700	15	52.3+-10.5	-3.54	1.000	0.40	2

4702	11	39.3+-7.9	-3.56	1.000	0.29	3

4740	8	20.6+-6.5	-1.94	0.991	0.21	3

4742	8	20.6+-6.8	-1.87	0.991	0.21	2

4748	19	61.0+-11.2	-3.75	1.000	0.51	3

4750	3	15.2+-4.8	-2.52	0.998	0.08	3

4758	0	5.3+-3.0	-1.75	1.000	0.00	0

4764	13	12.2+-5.2	0.15	0.425	0.35	2

4766	8	8.3+-3.5	-0.09	0.571	0.21	4

4812	6	21.0+-5.4	-2.77	1.000	0.16	1

4814	9	8.3+-3.5	0.21	0.437	0.24	2

4830	3	3.1+-2.0	-0.04	0.559	0.08	2

4946	170	170.4+-31.8	-0.01	0.507	4.53	4

4950	155	55.2+-26.3	3.80	0.003	4.13	4

4952	97	35.8+-9.5	6.43	0.000	2.58	4

4954	26	40.1+-8.1	-1.76	0.967	0.69	4

4958	17	12.7+-5.6	0.77	0.257	0.45	3

4994	31	74.5+-20.6	-2.11	0.987	0.83	5

4998	12	13.7+-5.7	-0.30	0.622	0.32	2

5002	24	46.0+-11.4	-1.94	0.987	0.64	1

5004	5	43.2+-8.1	-4.70	1.000	0.13	2

5006	2	10.4+-4.1	-2.06	0.999	0.05	1

5010	44	46.1+-11.5	-0.19	0.565	1.17	5

5012	13	16.6+-5.0	-0.72	0.792	0.35	4

5014	2	8.0+-3.4	-1.74	0.990	0.05	2

5016	91	55.1+-13.4	2.67	0.009	2.42	5

5018	64	28.0+-8.2	4.42	0.001	1.70	5

5020	6	9.4+-3.8	-0.89	0.857	0.16	4

5022	3	4.7+-2.5	-0.69	0.819	0.08	1

5058	1	13.9+-5.8	-2.22	1.000	0.03	1

5062	6	8.3+-3.8	-0.61	0.757	0.16	2

5064	7	21.2+-5.6	-2.54	1.000	0.19	1

5066	4	7.7+-3.6	-1.01	0.884	0.11	1

5068	1	30.0+-6.9	-4.23	1.000	0.03	1

5070	0	5.9+-2.7	-2.16	1.000	0.00	0

5074	7	10.2+-3.9	-0.82	0.833	0.19	2

5076	8	12.2+-4.2	-1.01	0.866	0.21	2

5078	9	7.3+-4.4	0.39	0.341	0.24	2

5080	24	12.0+-4.7	2.55	0.014	0.64	3

5082	7	6.3+-3.0	0.24	0.430	0.19	3

5084	2	6.7+-2.9	-1.62	0.984	0.05	2

5086	3	4.4+-2.7	-0.50	0.739	0.08	2

6342	2	4.7+-3.2	-0.85	0.870	0.05	1

6348	43	61.3+-14.9	-1.23	0.903	1.15	5

6350	4	3.7+-2.3	0.13	0.484	0.11	1

6356	7	6.7+-3.6	0.09	0.468	0.19	2

6358	0	3.2+-2.3	-1.44	1.000	0.00	0

6364	18	13.3+-4.6	1.02	0.178	0.48	3

6366	4	2.6+-1.7	0.80	0.265	0.11	2

6550	2	5.2+-2.9	-1.11	0.942	0.05	2

6552	214	48.1+-14.0	11.81	0.000	5.70	6

6554	74	34.5+-9.1	4.34	0.000	1.97	3

6558	1	2.9+-1.9	-1.00	0.934	0.03	1

6598	2	2.4+-1.9	-0.22	0.635	0.05	1

6602	1	2.9+-1.9	-0.99	0.928	0.03	1

6604	34	37.5+-10.0	-0.36	0.637	0.91	4

6606	3	1.9+-1.5	0.71	0.308	0.08	2

6614	0	1.9+-1.5	-1.23	1.000	0.00	0

6616	76	8.0+-3.7	18.20	0.000	2.02	5

6618	6	2.2+-1.6	2.38	0.037	0.16	2

6620	64	8.2+-3.6	15.38	0.000	1.70	6

6622	3	1.2+-1.2	1.53	0.123	0.08	3

6854	2	1.2+-1.3	0.57	0.327	0.05	1

6858	15	10.8+-4.4	0.95	0.186	0.40	1

6862	2	0.9+-1.0	1.06	0.238	0.05	1

6870	0	1.7+-1.5	-1.19	1.000	0.00	0

6874	6	8.1+-3.3	-0.62	0.768	0.16	2

6876	3	1.8+-1.5	0.78	0.276	0.08	1

6878	4	1.4+-1.3	2.08	0.057	0.11	1

7126	6	0.9+-1.1	4.69	0.002	0.16	2

7128	8	0.7+-0.9	8.21	0.000	0.21	1

7130	9	1.5+-1.4	5.43	0.000	0.24	3

7134	5	0.6+-0.8	5.37	0.003	0.13	2

13142	82	12.6+-6.9	10.01	0.000	2.18	5

13146	3	3.0+-2.0	-0.02	0.558	0.08	2

13148	0	6.1+-2.8	-2.16	1.000	0.00	0

13150	20	4.3+-2.5	6.25	0.000	0.53	2

13260	0	2.8+-1.8	-1.55	1.000	0.00	0

13262	1	2.6+-1.6	-0.96	0.924	0.03	1

13278	4	0.7+-1.0	3.21	0.023	0.11	1

14678	5	1.5+-1.3	2.66	0.030	0.13	4

14686	1	0.2+-0.5	1.46	0.213	0.03	1

14790	0	0.3+-0.5	-0.50	1.000	0.00	0

14798	0	1.0+-1.1	-0.91	1.000	0.00	0

14810	5	0.7+-1.0	4.43	0.005	0.13	3

14812	2	1.0+-1.1	0.88	0.280	0.05	1

14814	1	0.7+-0.9	0.27	0.492	0.03	1

15258	32	1.1+-1.2	25.36	0.000	0.85	3

15262	8	0.4+-0.7	11.55	0.000	0.21	4

15310	0	0.4+-0.7	-0.62	1.000	0.00	0

15326	7	0.3+-0.6	11.79	0.000	0.19	3

31710	2	0.0+-0.1	17.53	0.000	0.05	2



 (Application total runtime was:  24.00 minutes).

 (Real network processing runtime was:    1.0 seconds.)

 (Single Random network processing runtime was:    1.4 seconds.)
