
   Summary motif results
   =====================
mfinder Version 1.20

MOTIF FINDER RESULTS:

	Network name: eo_pdc_20.txt
	Network type: Directed
	Num of Nodes: 64 Num of Edges: 404
	Num of Nodes with edges: 64
	Maximal out degree (out-hub) : 24
	Maximal in degree (in-hub) : 21
	Roots num: 9 Leaves num: 2
	Single Edges num: 348 Mutual Edges num: 28

	Motif size searched  4
	Total number of 4-node subgraphs : 41670
	Number of random networks generated : 1000
	Random networks generation method: Switches
	Num of Switches range: 100.0-200.0, Success switches Ratio:0.455+-0.00

The following motifs were found:

Criteria taken : Pval < 0.010
                 Mfactor > 1.10
                 Uniqueness >= 4

MOTIF	NREAL	NRAND		NREAL	NREAL	UNIQ	CREAL
ID		STATS		ZSCORE	PVAL	VAL	[MILI]	
94	409	170.3+-47.3	5.04	0.000	5	9.82

0 1 1 1 
1 0 1 0 
0 0 0 0 
0 0 0 0 

206	379	189.2+-24.1	7.87	0.000	7	9.10

0 1 1 1 
0 0 1 1 
0 0 0 0 
0 0 0 0 

344	718	418.7+-36.9	8.12	0.000	8	17.23

0 0 0 1 
1 0 1 0 
1 0 0 0 
0 0 0 0 

348	309	199.7+-32.3	3.38	0.000	6	7.42

0 0 1 1 
1 0 1 0 
1 0 0 0 
0 0 0 0 

856	89	24.8+-8.7	7.35	0.000	4	2.14

0 0 0 1 
1 0 1 0 
1 1 0 0 
0 0 0 0 

906	235	91.0+-15.4	9.33	0.000	6	5.64

0 1 0 1 
0 0 0 1 
1 1 0 0 
0 0 0 0 

910	63	17.6+-7.5	6.02	0.000	5	1.51

0 1 1 1 
0 0 0 1 
1 1 0 0 
0 0 0 0 

922	69	13.4+-5.7	9.74	0.000	5	1.66

0 1 0 1 
1 0 0 1 
1 1 0 0 
0 0 0 0 

2186	2024	1835.6+-65.6	2.87	0.001	9	48.57

0 1 0 1 
0 0 0 1 
0 0 0 1 
0 0 0 0 

2202	192	109.7+-26.5	3.10	0.000	5	4.61

0 1 0 1 
1 0 0 1 
0 0 0 1 
0 0 0 0 

2206	58	28.7+-10.0	2.93	0.006	4	1.39

0 1 1 1 
1 0 0 1 
0 0 0 1 
0 0 0 0 

2252	410	211.2+-26.4	7.52	0.000	8	9.84

0 0 1 1 
0 0 1 1 
0 0 0 1 
0 0 0 0 

2254	207	54.0+-12.4	12.31	0.000	6	4.97

0 1 1 1 
0 0 1 1 
0 0 0 1 
0 0 0 0 

2458	80	47.4+-12.4	2.62	0.008	4	1.92

0 1 0 1 
1 0 0 1 
1 0 0 1 
0 0 0 0 

4436	898	697.4+-66.4	3.02	0.000	7	21.55

0 0 1 0 
1 0 1 0 
1 0 0 0 
1 0 0 0 

4678	203	76.3+-17.9	7.08	0.000	5	4.87

0 1 1 0 
0 0 1 0 
0 1 0 0 
1 0 0 0 

5010	66	36.0+-10.5	2.86	0.005	4	1.58

0 1 0 0 
1 0 0 1 
1 1 0 0 
1 0 0 0 

5016	133	55.7+-12.5	6.19	0.000	6	3.19

0 0 0 1 
1 0 0 1 
1 1 0 0 
1 0 0 0 

5018	35	13.3+-5.4	4.00	0.000	4	0.84

0 1 0 1 
1 0 0 1 
1 1 0 0 
1 0 0 0 

5080	27	10.7+-4.5	3.65	0.002	5	0.65

0 0 0 1 
1 0 1 1 
1 1 0 0 
1 0 0 0 

6552	204	64.1+-16.3	8.56	0.000	6	4.90

0 0 0 1 
1 0 0 1 
1 0 0 1 
1 0 0 0 

6554	66	27.2+-8.2	4.74	0.000	5	1.58

0 1 0 1 
1 0 0 1 
1 0 0 1 
1 0 0 0 

6616	91	16.7+-6.2	11.92	0.000	4	2.18

0 0 0 1 
1 0 1 1 
1 0 0 1 
1 0 0 0 

6620	49	7.9+-3.9	10.53	0.000	4	1.18

0 0 1 1 
1 0 1 1 
1 0 0 1 
1 0 0 0 




Full list of subgraphs size 4 ids:

	( Total num of different subgraphs size 4 is : 199 )

MOTIF	NREAL	NRAND		NREAL	NREAL	CREAL	UNIQ
ID		STATS		ZSCORE	PVAL	[MILI]	
14	1901	2229.0+-113.3	-2.89	0.997	45.62	7

28	845	1515.7+-90.1	-7.44	1.000	20.28	9

30	342	524.8+-53.3	-3.43	1.000	8.21	4

74	3784	3809.6+-172.5	-0.15	0.565	90.81	10

76	6002	10381.4+-257.2	-17.02	1.000	144.04	11

78	1534	1772.5+-63.7	-3.74	1.000	36.81	8

90	246	235.6+-45.4	0.23	0.389	5.90	6

92	978	852.7+-51.2	2.45	0.010	23.47	7

94	409	170.3+-47.3	5.04	0.000	9.82	5

204	409	715.5+-63.1	-4.86	1.000	9.82	8

206	379	189.2+-24.1	7.87	0.000	9.10	7

222	63	12.5+-9.2	5.50	0.001	1.51	3

280	1472	2013.3+-108.8	-4.98	1.000	35.33	9

282	305	673.7+-55.2	-6.68	1.000	7.32	6

286	18	59.4+-12.4	-3.33	1.000	0.43	4

328	1317	1746.8+-113.4	-3.79	1.000	31.61	10

330	13	141.4+-40.9	-3.14	1.000	0.31	2

332	298	1070.0+-113.5	-6.80	1.000	7.15	7

334	26	182.1+-40.6	-3.85	1.000	0.62	4

344	718	418.7+-36.9	8.12	0.000	17.23	8

346	40	49.9+-13.2	-0.75	0.788	0.96	5

348	309	199.7+-32.3	3.38	0.000	7.42	6

350	35	26.3+-9.7	0.89	0.202	0.84	5

390	281	324.3+-32.1	-1.35	0.922	6.74	3

392	4490	4811.6+-196.0	-1.64	0.944	107.75	10

394	452	401.2+-38.1	1.33	0.095	10.85	6

396	585	887.5+-55.5	-5.45	1.000	14.04	7

398	52	133.1+-19.0	-4.27	1.000	1.25	4

404	736	1305.3+-70.0	-8.13	1.000	17.66	7

406	23	133.5+-24.8	-4.45	1.000	0.55	4

408	1095	1163.4+-62.2	-1.10	0.858	26.28	8

410	147	138.3+-34.2	0.26	0.372	3.53	5

412	103	180.3+-22.3	-3.46	1.000	2.47	7

414	11	22.0+-7.1	-1.54	0.955	0.26	2

454	31	85.1+-19.9	-2.72	0.999	0.74	3

456	165	499.5+-39.2	-8.54	1.000	3.96	7

458	5	30.4+-11.1	-2.30	1.000	0.12	1

460	69	276.5+-34.7	-5.98	1.000	1.66	6

462	9	37.5+-10.7	-2.66	0.998	0.22	4

468	277	310.3+-39.4	-0.85	0.808	6.65	7

470	33	65.4+-19.3	-1.68	0.961	0.79	4

472	204	191.1+-22.3	0.58	0.268	4.90	7

474	8	20.3+-7.6	-1.62	0.971	0.19	4

476	121	84.5+-15.5	2.36	0.013	2.90	6

478	22	9.4+-4.4	2.84	0.007	0.53	3

856	89	24.8+-8.7	7.35	0.000	2.14	4

858	29	20.8+-8.1	1.00	0.166	0.70	2

862	5	4.2+-5.7	0.15	0.359	0.12	1

904	338	250.7+-32.2	2.71	0.011	8.11	5

906	235	91.0+-15.4	9.33	0.000	5.64	6

908	63	59.5+-13.9	0.26	0.385	1.51	5

910	63	17.6+-7.5	6.02	0.000	1.51	5

922	69	13.4+-5.7	9.74	0.000	1.66	5

924	7	10.7+-4.2	-0.88	0.846	0.17	4

926	9	3.3+-2.2	2.65	0.018	0.22	2

972	0	13.2+-5.3	-2.48	1.000	0.00	0

974	17	8.7+-4.3	1.95	0.050	0.41	4

990	5	0.7+-1.3	3.19	0.029	0.12	1

2184	1987	2841.5+-112.3	-7.61	1.000	47.68	11

2186	2024	1835.6+-65.6	2.87	0.001	48.57	9

2190	180	152.1+-20.3	1.37	0.087	4.32	6

2202	192	109.7+-26.5	3.10	0.000	4.61	5

2204	183	145.3+-18.6	2.02	0.032	4.39	6

2206	58	28.7+-10.0	2.93	0.006	1.39	4

2252	410	211.2+-26.4	7.52	0.000	9.84	8

2254	207	54.0+-12.4	12.31	0.000	4.97	6

2270	32	3.6+-3.2	8.93	0.000	0.77	3

2458	80	47.4+-12.4	2.62	0.008	1.92	4

2462	4	2.7+-2.1	0.61	0.295	0.10	2

2506	0	2.7+-2.1	-1.28	1.000	0.00	0

2510	11	5.6+-3.0	1.81	0.067	0.26	3

2524	59	7.4+-3.6	14.22	0.000	1.42	3

2526	22	1.5+-1.5	13.75	0.000	0.53	3

3038	0	0.1+-0.2	-0.21	1.000	0.00	0

4370	510	1195.6+-89.1	-7.70	1.000	12.24	6

4374	44	156.1+-24.6	-4.55	1.000	1.06	4

4382	1	5.4+-2.5	-1.74	0.993	0.02	1

4418	62	188.2+-51.7	-2.44	0.998	1.49	2

4420	555	914.5+-86.8	-4.14	1.000	13.32	7

4422	63	95.5+-23.3	-1.40	0.937	1.51	4

4424	547	625.5+-48.0	-1.64	0.956	13.13	7

4426	1	30.8+-10.4	-2.87	1.000	0.02	1

4428	81	250.2+-36.4	-4.65	1.000	1.94	5

4430	3	17.3+-5.7	-2.50	1.000	0.07	2

4434	88	209.9+-42.0	-2.91	0.999	2.11	5

4436	898	697.4+-66.4	3.02	0.000	21.55	7

4438	55	76.7+-19.7	-1.10	0.884	1.32	3

4440	215	239.9+-28.4	-0.87	0.807	5.16	8

4442	13	25.1+-7.9	-1.54	0.964	0.31	3

4444	56	88.6+-16.7	-1.95	0.981	1.34	5

4446	3	7.5+-2.5	-1.83	0.988	0.07	2

4546	5	7.3+-4.8	-0.47	0.686	0.12	1

4548	94	182.3+-23.7	-3.72	1.000	2.26	5

4550	3	7.4+-3.8	-1.15	0.929	0.07	1

4556	10	35.4+-8.8	-2.88	1.000	0.24	3

4558	1	2.3+-1.7	-0.76	0.874	0.02	1

4562	3	18.9+-8.9	-1.78	0.995	0.07	2

4564	116	111.8+-16.5	0.25	0.406	2.78	5

4566	6	13.2+-5.7	-1.26	0.918	0.14	3

4572	12	20.1+-7.0	-1.17	0.912	0.29	3

4574	0	1.9+-1.5	-1.28	1.000	0.00	0

4678	203	76.3+-17.9	7.08	0.000	4.87	5

4682	81	108.2+-9.7	-2.82	0.997	1.94	3

4686	25	23.2+-5.8	0.31	0.384	0.60	5

4692	51	113.7+-24.8	-2.53	0.999	1.22	3

4694	61	38.9+-13.7	1.61	0.068	1.46	4

4698	4	16.6+-5.3	-2.37	0.999	0.10	2

4700	3	17.3+-5.2	-2.74	0.999	0.07	2

4702	2	6.9+-2.9	-1.69	0.988	0.05	2

4740	5	20.2+-6.4	-2.37	0.998	0.12	1

4742	3	14.6+-6.0	-1.95	0.996	0.07	1

4748	7	49.4+-10.3	-4.12	1.000	0.17	2

4750	3	18.9+-6.3	-2.50	0.999	0.07	2

4758	4	2.3+-2.0	0.86	0.232	0.10	1

4764	1	7.3+-3.8	-1.68	0.993	0.02	1

4766	1	2.7+-2.0	-0.87	0.876	0.02	1

4812	1	12.9+-4.5	-2.63	1.000	0.02	1

4814	4	8.2+-3.6	-1.18	0.912	0.10	2

4830	0	0.7+-0.9	-0.76	1.000	0.00	0

4946	63	73.4+-19.7	-0.53	0.706	1.51	4

4950	28	9.7+-11.8	1.56	0.085	0.67	2

4952	24	14.0+-5.0	2.02	0.039	0.58	2

4954	4	9.0+-3.2	-1.57	0.968	0.10	2

4958	0	1.0+-1.4	-0.70	1.000	0.00	0

4994	8	43.2+-13.8	-2.56	1.000	0.19	2

4998	0	5.0+-3.0	-1.64	1.000	0.00	0

5002	13	20.7+-7.0	-1.10	0.882	0.31	4

5004	2	18.9+-5.7	-2.98	1.000	0.05	2

5006	3	2.7+-1.9	0.18	0.489	0.07	2

5010	66	36.0+-10.5	2.86	0.005	1.58	4

5012	7	15.8+-5.4	-1.61	0.970	0.17	2

5014	1	3.8+-2.4	-1.14	0.951	0.02	1

5016	133	55.7+-12.5	6.19	0.000	3.19	6

5018	35	13.3+-5.4	4.00	0.000	0.84	4

5020	5	6.0+-3.0	-0.35	0.669	0.12	2

5022	1	1.1+-1.1	-0.10	0.647	0.02	1

5058	1	4.9+-2.9	-1.35	0.978	0.02	1

5062	0	1.9+-1.6	-1.19	1.000	0.00	0

5064	5	11.0+-4.2	-1.43	0.959	0.12	2

5066	1	2.4+-1.8	-0.78	0.866	0.02	1

5068	0	7.1+-3.2	-2.18	1.000	0.00	0

5070	2	1.0+-1.1	0.91	0.285	0.05	2

5074	8	4.7+-2.8	1.20	0.139	0.19	3

5076	3	11.5+-4.7	-1.83	0.987	0.07	2

5078	1	1.6+-2.5	-0.25	0.441	0.02	1

5080	27	10.7+-4.5	3.65	0.002	0.65	5

5082	4	1.8+-1.6	1.42	0.138	0.10	1

5084	3	4.0+-2.1	-0.47	0.732	0.07	2

5086	0	0.5+-0.8	-0.58	1.000	0.00	0

6342	1	2.5+-2.1	-0.70	0.839	0.02	1

6348	32	44.9+-11.6	-1.11	0.880	0.77	4

6350	2	6.3+-3.7	-1.18	0.936	0.05	2

6356	0	5.3+-3.1	-1.74	1.000	0.00	0

6358	0	1.6+-1.5	-1.09	1.000	0.00	0

6364	23	12.4+-4.8	2.20	0.023	0.55	5

6366	3	1.3+-1.3	1.27	0.167	0.07	2

6550	0	2.1+-1.8	-1.19	1.000	0.00	0

6552	204	64.1+-16.3	8.56	0.000	4.90	6

6554	66	27.2+-8.2	4.74	0.000	1.58	5

6558	3	1.0+-1.0	1.92	0.091	0.07	3

6598	0	0.8+-1.0	-0.77	1.000	0.00	0

6602	1	2.1+-1.7	-0.67	0.847	0.02	1

6604	23	13.8+-5.6	1.66	0.063	0.55	4

6606	3	0.8+-1.0	2.18	0.079	0.07	2

6614	1	1.4+-1.3	-0.27	0.699	0.02	1

6616	91	16.7+-6.2	11.92	0.000	2.18	4

6618	6	3.8+-2.4	0.90	0.235	0.14	2

6620	49	7.9+-3.9	10.53	0.000	1.18	4

6622	2	0.7+-0.9	1.46	0.163	0.05	2

6854	0	0.4+-0.6	-0.57	1.000	0.00	0

6858	5	4.8+-2.7	0.08	0.496	0.12	2

6862	1	0.9+-1.0	0.14	0.536	0.02	1

6870	0	0.3+-0.6	-0.50	1.000	0.00	0

6874	1	1.7+-1.4	-0.48	0.773	0.02	1

6876	2	1.2+-1.2	0.69	0.319	0.05	1

6878	2	0.2+-0.5	3.40	0.031	0.05	2

7126	0	0.1+-0.4	-0.29	1.000	0.00	0

7128	6	1.1+-1.3	3.81	0.007	0.14	1

7130	2	0.9+-1.0	1.12	0.228	0.05	2

7134	2	0.1+-0.3	7.37	0.005	0.05	1

13142	23	3.2+-4.3	4.66	0.001	0.55	2

13146	1	1.3+-1.3	-0.27	0.703	0.02	1

13148	0	1.4+-1.2	-1.13	1.000	0.00	0

13150	5	0.5+-0.9	4.97	0.001	0.12	2

13260	0	0.3+-0.5	-0.52	1.000	0.00	0

13262	0	0.3+-0.5	-0.51	1.000	0.00	0

13278	0	0.0+-0.1	-0.14	1.000	0.00	0

14678	2	0.5+-0.8	1.91	0.106	0.05	1

14686	0	0.0+-0.2	-0.18	1.000	0.00	0

14790	0	0.1+-0.3	-0.23	1.000	0.00	0

14798	0	0.2+-0.4	-0.42	1.000	0.00	0

14810	1	0.3+-0.6	1.14	0.178	0.02	1

14812	1	0.9+-1.0	0.14	0.551	0.02	1

14814	0	0.1+-0.3	-0.31	1.000	0.00	0

15258	12	0.6+-1.2	9.86	0.000	0.29	2

15262	1	0.1+-0.4	2.01	0.123	0.02	1

15310	0	0.1+-0.3	-0.26	1.000	0.00	0

15326	1	0.0+-0.1	6.66	0.019	0.02	1

31710	0	0.0+-0.0	888888	1.000	0.00	0



 (Application total runtime was:  22.37 minutes).

 (Real network processing runtime was:    0.0 seconds.)

 (Single Random network processing runtime was:    1.3 seconds.)
