1 2 1
1 4 1
1 8 1
1 32 1
1 33 1
1 39 1
1 41 1
2 8 1
2 9 1
2 32 1
2 33 1
2 34 1
2 41 1
2 49 1
2 50 1
3 33 1
3 34 1
4 11 1
4 33 1
4 34 1
4 35 1
5 13 1
5 34 1
5 35 1
5 36 1
6 7 1
6 12 1
6 13 1
6 18 1
6 34 1
6 35 1
6 36 1
6 40 1
6 53 1
7 13 1
7 34 1
7 35 1
7 36 1
7 40 1
8 9 1
8 32 1
8 33 1
8 41 1
8 45 1
8 49 1
8 50 1
9 3 1
9 4 1
9 10 1
9 18 1
9 33 1
9 41 1
9 49 1
9 50 1
10 9 1
10 33 1
10 49 1
10 50 1
10 51 1
10 52 1
10 53 1
10 58 1
11 34 1
11 49 1
11 50 1
11 51 1
11 52 1
11 53 1
11 58 1
12 13 1
12 34 1
12 35 1
12 52 1
12 53 1
13 6 1
13 17 1
13 52 1
13 53 1
13 54 1
14 6 1
14 7 1
14 13 1
14 40 1
14 53 1
14 54 1
15 9 1
15 18 1
15 45 1
15 48 1
15 49 1
15 50 1
16 9 1
16 18 1
16 49 1
16 50 1
17 9 1
17 49 1
17 50 1
17 51 1
17 52 1
17 53 1
18 49 1
18 50 1
18 51 1
18 52 1
18 53 1
19 51 1
19 52 1
19 53 1
19 54 1
20 13 1
20 52 1
20 53 1
20 54 1
21 13 1
21 52 1
21 53 1
21 54 1
22 3 1
22 6 1
22 8 1
22 11 1
22 16 1
22 20 1
22 24 1
22 25 1
22 26 1
22 28 1
22 29 1
22 30 1
22 32 1
22 40 1
22 44 1
22 48 1
22 52 1
22 61 1
22 64 1
23 3 1
23 4 1
23 11 1
23 13 1
23 20 1
23 24 1
23 25 1
23 26 1
23 29 1
23 30 1
23 32 1
23 35 1
23 44 1
23 64 1
24 3 1
24 4 1
24 13 1
24 25 1
24 26 1
24 29 1
24 30 1
24 32 1
24 34 1
24 35 1
24 41 1
24 44 1
24 64 1
25 2 1
25 5 1
25 10 1
25 11 1
25 14 1
25 16 1
25 20 1
25 22 1
25 24 1
25 26 1
25 27 1
25 28 1
25 29 1
25 32 1
25 33 1
25 41 1
25 43 1
25 44 1
25 45 1
25 46 1
25 48 1
25 56 1
25 61 1
25 64 1
26 2 1
26 3 1
26 4 1
26 5 1
26 11 1
26 21 1
26 22 1
26 29 1
26 32 1
26 33 1
26 34 1
26 41 1
26 43 1
26 44 1
26 51 1
26 64 1
27 2 1
27 4 1
27 11 1
27 33 1
27 34 1
27 35 1
27 41 1
27 44 1
28 4 1
28 11 1
28 13 1
28 17 1
28 18 1
28 29 1
28 34 1
28 35 1
28 36 1
28 41 1
28 44 1
28 64 1
29 3 1
29 4 1
29 11 1
29 12 1
29 34 1
29 35 1
29 36 1
29 41 1
29 44 1
29 64 1
30 2 1
30 11 1
30 29 1
30 32 1
30 33 1
30 41 1
30 43 1
30 44 1
30 45 1
30 48 1
31 1 1
31 2 1
31 3 1
31 4 1
31 5 1
31 11 1
31 12 1
31 29 1
31 32 1
31 33 1
31 34 1
31 41 1
31 45 1
31 49 1
32 2 1
32 3 1
32 4 1
32 5 1
32 12 1
32 33 1
32 34 1
32 41 1
32 43 1
32 45 1
32 49 1
32 58 1
33 2 1
33 4 1
33 5 1
33 11 1
33 21 1
33 34 1
33 35 1
33 41 1
33 43 1
33 49 1
33 53 1
33 58 1
34 4 1
34 11 1
34 33 1
34 35 1
34 41 1
34 53 1
34 58 1
35 4 1
35 5 1
35 11 1
35 12 1
35 13 1
35 34 1
35 53 1
35 58 1
36 4 1
36 6 1
36 7 1
36 11 1
36 12 1
36 13 1
36 17 1
36 18 1
36 34 1
36 35 1
36 53 1
36 64 1
37 3 1
37 6 1
37 7 1
37 11 1
37 12 1
37 13 1
37 18 1
37 34 1
37 35 1
37 36 1
37 38 1
37 53 1
37 64 1
38 6 1
38 12 1
38 17 1
38 35 1
38 36 1
38 39 1
38 64 1
39 2 1
39 9 1
39 32 1
39 33 1
39 41 1
39 45 1
39 48 1
39 49 1
40 6 1
40 12 1
40 35 1
40 53 1
41 9 1
41 43 1
41 45 1
41 49 1
42 14 1
42 46 1
43 41 1
43 44 1
43 45 1
43 48 1
43 64 1
45 9 1
45 43 1
45 49 1
46 54 1
46 55 1
47 9 1
48 9 1
48 49 1
48 57 1
49 9 1
49 50 1
49 57 1
50 9 1
50 52 1
50 53 1
50 57 1
51 9 1
51 52 1
51 53 1
51 57 1
52 13 1
52 53 1
53 13 1
53 18 1
53 52 1
54 13 1
54 52 1
54 53 1
54 59 1
55 52 1
55 54 1
56 9 1
56 10 1
56 12 1
56 57 1
57 9 1
57 10 1
57 12 1
58 57 1
59 18 1
59 52 1
60 52 1
60 57 1
60 59 1
61 12 1
61 57 1
61 64 1
62 12 1
62 57 1
62 64 1
63 60 1
63 64 1
