1 Fc5 -0.28 0.11
2 Fc3 -0.19 0.11
3 Fc1 -0.09 0.10
4 Fcz 0.00 0.10
5 Fc2 0.09 0.10
6 Fc4 0.19 0.11
7 Fc6 0.28 0.11
8 C5 -0.30 0.00
9 C3 -0.20 0.00
10 C1 -0.10 0.00
11 Cz 0.00 0.00
12 C2 0.10 0.00
13 C4 0.20 0.00
14 C6 0.30 0.00
15 Cp5 -0.28 -0.11
16 Cp3 -0.19 -0.11
17 Cp1 -0.09 -0.10
18 Cpz 0.00 -0.10
19 Cp2 0.09 -0.10
20 Cp4 0.19 -0.11
21 Cp6 0.28 -0.11
22 Fp1 -0.13 0.39
23 Fpz 0.00 0.41
24 Fp2 0.13 0.39
25 Af7 -0.24 0.33
26 Af3 -0.13 0.32
27 Afz 0.00 0.30
28 Af4 0.13 0.32
29 Af8 0.24 0.33
30 F7 -0.33 0.24
31 F5 -0.26 0.25
32 F3 -0.16 0.23
33 F1 -0.28 0.11
34 Fz -0.19 0.11
35 F2 -0.09 0.10
36 F4 0.00 0.10
37 F6 0.09 0.10
38 F8 0.19 0.11
39 Ft7 0.28 0.11
40 Ft8 -0.30 0.00
41 T7 -0.20 0.00
42 T8 -0.10 0.00
43 T9 0.00 0.00
44 T10 0.10 0.00
45 Tp7 0.20 0.00
46 Tp8 0.30 0.00
47 P7 -0.28 -0.11
48 P5 -0.19 -0.11
49 P3 -0.09 -0.10
50 P1 0.00 -0.10
51 Pz 0.09 -0.10
52 P2 0.19 -0.11
53 P4 0.28 -0.11
54 P6 -0.13 0.39
55 P8 0.00 0.41
56 Po7 0.13 0.39
57 Po3 -0.24 0.33
58 Poz -0.13 0.32
59 Po4 0.00 0.30
60 Po8 0.13 0.32
61 O1 0.24 0.33
62 Oz -0.33 0.24
63 O2 -0.26 0.25
64 Iz -0.16 0.23